   -0.11787102
    0.11622231
   -0.31605644
    0.04515706
    0.08771595
   -0.21973447
    0.05640549
   -0.04349860
   -0.01747741
    0.00132717
    0.02025738
   -0.04541426
    0.00769022
   -0.11031854
   -0.03489649
   -0.07372397
    0.02123931
   -0.10927266
   -0.11522645
    0.06863817
   -0.24798442
    0.35512351
    0.01955499
   -0.18231299
   -0.01766726
    0.23941562
    0.02263049
   -0.17564797
    0.27097458
    0.00176555
   -0.01187526
   -0.11062498
   -0.11461667
   -0.07175371
    0.24703794
    0.15299542
   -0.06519238
   -0.00109935
   -0.09578516
    0.28903013
   -0.07537546
   -0.02784945
    0.10268177
   -0.17348677
   -0.03265338
   -0.03399425
   -0.10898252
   -0.10824520
   -0.44579031
    0.00362160
   -0.06371504
   -0.46331808
   -0.04849299
   -0.44216343
   -0.07442900
    0.10960702
    0.00265214
   -0.16485303
    0.00007056
    0.08160077
   -0.33198218
   -0.45469644
   -0.01062431
   -0.06234127
   -0.06384829
   -0.40990694
   -0.02114176
    0.03178678
   -0.05063413
   -0.05370876
    0.05332111
   -0.05704724
   -0.26631186
    0.06676745
    0.04724974
    0.04011819
    0.01729780
    0.02825153
    0.05637370
    0.02921144
    0.04218409
    0.03814538
    0.03679445
    0.04705220
    0.03796499
    0.04341791
    0.05669137
    0.04261002
    0.05946288
    0.04687357
    0.03978268
    0.04143015
    0.04612717
    0.03450726
    0.03693207
    0.04744680
    0.06535137
    0.04574944
    0.05093391
    0.16320700
    0.06823413
    0.20258928
    0.08292305
    0.04031325
    0.04502481
    0.03940413
    0.04468243
    0.04455557
    0.04810076
    0.04246280
    0.07098034
    0.05539680
    0.05684134
    0.05646571
    0.03862164
    0.01702471
    0.03961831
    0.03828309
    0.04022282
    0.02220277
    0.04169909
    0.03993859
    0.05301995
    0.05276378
    0.04094040
    0.04517741
    0.07989806
    0.05098913
    0.04653242
    0.05836787
    0.07141606
    0.05606512
    0.08064088
    0.05510178
    0.04856537
    0.03177652
    0.06031251
    0.03501723
    0.04366170
    0.03089926
    0.04314459
    0.01745036
    0.08391348
    0.06313090
    0.04549898
    0.05074243
    0.05392751
    0.05690400
    0.02557518
    0.03779218
    0.03237449
