           1           2   1.0005632903591994     
           2           3  0.96275684274273887     
           3           4  0.99719864043996775     
           2           5  0.97604518813142815     
           5           6   1.4311352095870564     
           6           7   1.4337478662674343     
           5           8  0.11065769068218827     
           7           8   1.4270022650012175     
           8           9   1.4360911507823597     
           5          10   1.3524735809842352     
           7          10  0.11362630235103788     
           9          10   1.4102077118100274     
          10          11   1.0130423159571076     
          11          12   1.1544490884816649     
          12          13  0.99570346787735109     
          13          14   1.0049088940511524     
          11          15   1.5252509852289515     
          15          16   1.0195087577634023     
          16          17  0.96533479837436653     
          17          18  0.99948316726874442     
          17          19  0.99819486000358315     
          17          20  0.97612050425364172     
          20          21  0.92641543336555676     
          21          22   1.1693351959061498     
          22          23  0.93919629811407890     
          23          24  0.99125535703816514     
          24          25   1.0045994760959156     
          25          26   1.2688015876749645     
          26          27  0.93823306081405000     
          27          28  0.99522436623738852     
          28          29   1.2685950356349041     
          29          30  0.93249398954096940     
          30          31  0.96369462210360646     
          31          32   1.0074333313680328     
          31          33   1.0069606107677300     
          30          34  0.96891044308126606     
          34          35   1.2907353232568073     
          35          36  0.92580254405587492     
          36          37  0.98159922693184798     
          37          38  0.99490174451169988     
          38          39  0.99655216323319096     
          39          40   1.2156201952795902     
          40          41   1.0250753034174238     
          41          42   2.7552077648945015     
          42          43   1.0129422002133939     
          43          44  0.96564407633541816     
          44          45   1.0138925787171027     
          44          46   1.0127120383902239     
          43          47  0.97524299051769048     
          43          48  0.97355610669892001     
          39          49  0.19460764109361581     
          40          49   1.6360759480159053     
          39          50  0.99304147324661607     
          36          51  0.96961958914637891     
          50          51  0.99326871031759434     
          34          52  0.20170220747816472     
          35          52   1.6345947761911452     
          34          53  0.99228832663939948     
          28          54  0.19954216888049645     
          29          54   1.6748919150248789     
          27          55  0.96222293335931652     
          55          56  0.98400050292991481     
          56          57  0.97558347683614710     
          57          58  0.99386886016637677     
          58          59   1.0057968638943262     
          59          60  0.97922911203275165     
          56          61  0.96693938101720456     
          60          61  0.98551708572412988     
          25          62  0.20065261671389056     
          26          62   1.6323442746271530     
          25          63  0.97375334512281198     
          63          64  0.99831780027678207     
          23          65  0.98178448512826955     
          64          65   1.0071297885403530     
          21          66  0.18167766917038133     
          22          66   1.7411848113666821     
          15          67   1.2034401767309344     
          12          68   1.1600718729256607     
          67          68   1.2475134149829752     
          68          69   1.3305707783406415     
          69          70   1.5045525405503319     
          58          71   1.0268377242944680     
          70          71   1.3203345426688733     
          67          72   1.3264238367593464     
          69          72  0.10647748624456777     
          71          72   1.4564353419586356     
          36          73  0.90917391438124440     
           1          74  0.98355818956871899     
           1          75  0.98440462484298630     
           1          76  0.98360768037735058     
           2          77  0.95002243383753016     
           4          78  0.97547684283025238     
           4          79  0.97854978589149155     
           4          80  0.97674411327591759     
           7          81  0.96324093839401459     
           8          82  0.96949523248532854     
           9          83  0.96654510186955489     
          13          84  0.96892984423941919     
          13          85  0.96969298133633264     
          14          86  0.98599507341560577     
          14          87  0.98519960124291961     
          14          88  0.98524530047903225     
          16          89  0.96013627200130358     
          16          90  0.97022272122640862     
          18          91  0.98489228849738863     
          18          92  0.98555127782496310     
          18          93  0.98368349405207611     
          19          94  0.98447947022470839     
          19          95  0.97748476521934058     
          19          96  0.98358516721074796     
          20          97  0.95742845604344284     
          20          98  0.96515490170145146     
          23          99  0.93421457034744793     
          24         100  0.93125621475003417     
          27         101  0.94308802633041233     
          28         102  0.91947879030369095     
          30         103  0.94580806742510393     
          31         104  0.96198059978970663     
          32         105  0.98588538617505939     
          32         106  0.98509387389601621     
          32         107  0.98459949732448615     
          33         108  0.98523769553800267     
          33         109  0.98428029957889596     
          33         110  0.98412462948058932     
          37         111  0.97019570382483600     
          37         112  0.97262752228278460     
          38         113  0.96306560382848927     
          38         114  0.96511712283574413     
          45         115  0.98109378867136632     
          45         116  0.97490292481229834     
          45         117  0.97979885755333795     
          46         118  0.98115869686929491     
          46         119  0.98001735090804287     
          46         120  0.97495856938949288     
          47         121  0.98372280647800925     
          47         122  0.98451085098889668     
          47         123  0.98292038740729526     
          48         124  0.98238419838346247     
          48         125  0.98440224880568328     
          48         126  0.98353917749087993     
          50         127  0.96348656990870740     
          50         128  0.96628798224973633     
          51         129  0.97104969682724118     
          51         130  0.97333083518646046     
          53         131  0.97372780951261917     
          53         132  0.97453147779243254     
          53         133  0.97015886367783344     
          55         134  0.97094328018482801     
          55         135  0.96948728274333318     
          56         136  0.95628445067704482     
          57         137  0.96764976913637013     
          57         138  0.96968514557516250     
          59         139  0.97449772555323655     
          59         140  0.97068052162043894     
          60         141  0.97222530654526307     
          60         142  0.97162657679210485     
          63         143  0.96449689059067567     
          63         144  0.96714338702380132     
          64         145  0.97677531884858837     
          64         146  0.97373696668895926     
          65         147  0.97591036669313302     
          65         148  0.97346010180279352     
          69         149  0.96640486053627783     
          70         150  0.96865840108715784     
          72         151  0.96043085247255577     
