   -0.11788619
    0.11630280
   -0.31591920
    0.04522311
    0.08763639
   -0.21993206
    0.05630226
   -0.04345741
   -0.01775050
    0.00123222
    0.02080713
   -0.04494135
    0.00775329
   -0.11051062
   -0.03452326
   -0.07424343
    0.02112241
   -0.10926246
   -0.11485425
    0.06836878
   -0.24888267
    0.35402719
    0.02045436
   -0.18311700
   -0.02153612
    0.24235157
    0.02148780
   -0.16264390
    0.27298610
    0.00839643
   -0.01489890
   -0.11026611
   -0.11249442
   -0.07781223
    0.24762721
    0.15231710
   -0.06263762
    0.00026505
   -0.09670315
    0.28868255
   -0.07627197
   -0.02624905
    0.10220036
   -0.17181544
   -0.03367321
   -0.03199466
   -0.10911493
   -0.10887379
   -0.44430267
    0.00358986
   -0.06859663
   -0.46604188
   -0.06145645
   -0.44821689
   -0.07424116
    0.10968490
    0.00764930
   -0.17113507
    0.00284224
    0.08103495
   -0.33002414
   -0.44568754
   -0.01086637
   -0.06224863
   -0.06357855
   -0.41058667
   -0.02190875
    0.03212221
   -0.05083052
   -0.05314751
    0.05305393
   -0.05732098
   -0.26485970
    0.03981106
    0.06660154
    0.04756814
    0.01705684
    0.02802510
    0.05630327
    0.02927415
    0.04212452
    0.03835613
    0.03794077
    0.04680073
    0.03786544
    0.04429229
    0.05721952
    0.04249490
    0.05981508
    0.04769689
    0.03991690
    0.04124885
    0.04649050
    0.03437122
    0.03652537
    0.04760013
    0.06585191
    0.04557024
    0.04645365
    0.16459413
    0.07210803
    0.19727455
    0.07077817
    0.05262761
    0.04274711
    0.03659617
    0.04431943
    0.04201159
    0.04843929
    0.04319965
    0.06287655
    0.06203172
    0.05411964
    0.05753001
    0.03871379
    0.04404637
    0.01710411
    0.04008296
    0.00986315
    0.04016315
    0.04743501
    0.05103596
    0.04432165
    0.05320579
    0.03784303
    0.04412842
    0.08033143
    0.05119089
    0.05341820
    0.05314444
    0.05142946
    0.08126132
    0.09062227
    0.05859241
    0.04817669
    0.02966639
    0.04735453
    0.04046528
    0.04264501
    0.02589080
    0.04358816
    0.01961513
    0.08306853
    0.06353327
    0.04455612
    0.05011812
    0.05431449
    0.05550342
    0.02593046
    0.04092916
    0.03397631
