           1           2   1.0004769599612771     
           2           3  0.96291278254104207     
           3           4  0.99723228010185405     
           2           5  0.97602941788369291     
           5           6   1.4312588352930482     
           6           7   1.4337493357443682     
           5           8  0.11073175540764398     
           7           8   1.4268896429257432     
           8           9   1.4365881905401239     
           5          10   1.3523054110062389     
           7          10  0.11364694884138074     
           9          10   1.4104345718257709     
          10          11   1.0129679156067968     
          11          12   1.1541841760877409     
          12          13  0.99541897053092154     
          13          14   1.0049260710331311     
          11          15   1.5256681114432287     
          15          16   1.0195424689726302     
          16          17  0.96575823448734643     
          17          18  0.99946566993403008     
          17          19  0.99822388444988330     
          17          20  0.97625961948736373     
          20          21  0.92648705264823916     
          21          22   1.1685614594697780     
          22          23  0.94083291724792595     
          23          24  0.99318392259167976     
          24          25   1.0053579554795273     
          25          26   1.2559218252446274     
          26          27  0.93424246876962680     
          27          28  0.99309851640011493     
          28          29   1.2805728124126685     
          29          30  0.92874528899909414     
          30          31  0.97404605340508432     
          31          32   1.0079888620491178     
          31          33   1.0059395245317080     
          30          34  0.95779587043865677     
          34          35   1.2918817292439944     
          35          36  0.92151556166366733     
          36          37  0.98529714924913958     
          37          38  0.99444071625836594     
          38          39  0.99660185726531492     
          39          40   1.2138590367155839     
          40          41   1.0242016164751624     
          41          42   2.7551089287809543     
          42          43   1.0128402233403346     
          43          44  0.96155064886475761     
          44          45   1.0132422467734565     
          44          46   1.0160691973979972     
          43          47  0.97692453221118192     
          43          48  0.97545079927955491     
          39          49  0.19496917191887869     
          40          49   1.6383784450081644     
          39          50  0.99336810129489761     
          36          51  0.97416061257704389     
          50          51  0.99333673435613901     
          34          52  0.20269673157207180     
          35          52   1.6333620197755796     
          34          53  0.99236081822735822     
          28          54  0.19976344885006872     
          29          54   1.6598174966946386     
          27          55  0.96550201944977876     
          55          56  0.98398940868947260     
          56          57  0.97572839420002544     
          57          58  0.99365902593650812     
          58          59   1.0045698805703864     
          59          60  0.98121689989480421     
          56          61  0.96709483611301361     
          60          61  0.98605686683547700     
          25          62  0.20178592792141517     
          26          62   1.6497949672388874     
          25          63  0.97467389231729940     
          63          64  0.99765618659302535     
          23          65  0.98031051103799971     
          64          65   1.0069885491971655     
          21          66  0.18149222449710106     
          22          66   1.7399804711389011     
          15          67   1.2034794662506765     
          12          68   1.1612896894226015     
          67          68   1.2464409163268038     
          68          69   1.3315296553644740     
          69          70   1.5025306809549004     
          58          71   1.0183533542310821     
          70          71   1.3244966003126477     
          67          72   1.3269141998046192     
          69          72  0.10713307465419003     
          71          72   1.4593774617728663     
          36          73  0.90417130296373105     
           1          74  0.98372716267327553     
           1          75  0.98363126960703440     
           1          76  0.98430810120068712     
           2          77  0.94993631447301996     
           4          78  0.97554102109368657     
           4          79  0.97852446623841283     
           4          80  0.97676262800510427     
           7          81  0.96323901372638110     
           8          82  0.96947024853406005     
           9          83  0.96607217973257176     
          13          84  0.96894375545960010     
          13          85  0.96970168208891161     
          14          86  0.98590066697488488     
          14          87  0.98512562975376550     
          14          88  0.98521183268116874     
          16          89  0.95913494131860588     
          16          90  0.97015689181191944     
          18          91  0.98489100996335988     
          18          92  0.98555273861018966     
          18          93  0.98365752105193205     
          19          94  0.98451976109315431     
          19          95  0.97853853095813104     
          19          96  0.98356422627642914     
          20          97  0.95649569316792760     
          20          98  0.96528524437592289     
          23          99  0.93288995771937755     
          24         100  0.93018231021981479     
          27         101  0.94039526346783142     
          28         102  0.92742536832271516     
          30         103  0.95303766762606468     
          31         104  0.96370101016893617     
          32         105  0.98566760729468439     
          32         106  0.98384528893166601     
          32         107  0.98528065166094936     
          33         108  0.98599233075800496     
          33         109  0.98489672152109353     
          33         110  0.98374150434030116     
          37         111  0.97211363751045754     
          37         112  0.96821540990874577     
          38         113  0.96315498705075664     
          38         114  0.96501115396733428     
          45         115  0.98104278248756360     
          45         116  0.97975721914087155     
          45         117  0.97522903395914362     
          46         118  0.98069131874855997     
          46         119  0.97381539044095067     
          46         120  0.97939705191583981     
          47         121  0.98343402339259067     
          47         122  0.98278670461098638     
          47         123  0.98388862018847900     
          48         124  0.98285102022537985     
          48         125  0.98353199470669583     
          48         126  0.98412083789950999     
          50         127  0.96337391987709597     
          50         128  0.96620819322018014     
          51         129  0.97044741821838998     
          51         130  0.97352560623149764     
          53         131  0.97239749784055174     
          53         132  0.97123269988434535     
          53         133  0.96163836689696436     
          55         134  0.96952871803884744     
          55         135  0.96799898144608165     
          56         136  0.95731243992534409     
          57         137  0.96993939909065452     
          57         138  0.96602257250842349     
          59         139  0.97455604277526664     
          59         140  0.96924143772014826     
          60         141  0.97180288812840332     
          60         142  0.97096168146698525     
          63         143  0.96486939423868812     
          63         144  0.96773121830732722     
          64         145  0.97698935572417311     
          64         146  0.97389488845472216     
          65         147  0.97603203682838968     
          65         148  0.97375480758396404     
          69         149  0.96637180752230212     
          70         150  0.96860772290670871     
          72         151  0.95997560384727998     
