   -0.11571804
    0.11563947
   -0.31666231
    0.04420060
    0.08643046
   -0.21498333
    0.05607137
   -0.04231285
   -0.01528674
    0.00247571
    0.02481610
   -0.03420974
    0.00561140
   -0.11750907
   -0.04490227
   -0.06774694
    0.02316369
   -0.11972339
   -0.10583598
    0.06498997
   -0.25427956
    0.35298572
    0.02645870
   -0.19916042
   -0.02468251
    0.24037934
    0.02499232
   -0.16586750
    0.27733849
    0.00690093
   -0.01493824
   -0.11511545
   -0.11150361
   -0.07559189
    0.24927882
    0.15319844
   -0.06827210
    0.00401084
   -0.09579478
    0.29130144
   -0.07429751
   -0.01323982
    0.10100198
   -0.16999820
   -0.03171542
   -0.03038373
   -0.10620696
   -0.10687902
   -0.44471048
   -0.00170326
   -0.06470883
   -0.46381850
   -0.05578365
   -0.46353743
   -0.07291085
    0.11033654
    0.01089231
   -0.17382442
    0.00510631
    0.07898203
   -0.31967590
   -0.44018513
   -0.00926614
   -0.06241061
   -0.06605423
   -0.40210812
   -0.02533834
    0.03946979
   -0.04423036
   -0.05548827
    0.04814183
   -0.06977253
   -0.27041323
    0.03656416
    0.03908995
    0.07130008
    0.01421624
    0.02235063
    0.05909112
    0.03246121
    0.04001143
    0.03613742
    0.03883185
    0.05171230
    0.03496023
    0.08458813
    0.03704745
    0.03544895
    0.04718405
    0.03395742
    0.03361065
    0.05734183
    0.04517753
    0.04532078
    0.03428976
    0.04207943
    0.06237235
    0.06250858
    0.02502945
    0.18853707
    0.06692709
    0.20140664
    0.08282183
    0.04548690
    0.04958185
    0.04445991
    0.04045661
    0.04230023
    0.05095257
    0.04056465
    0.05935884
    0.05766510
    0.07965596
    0.05082523
    0.01164918
    0.04217853
    0.03872475
    0.01048911
    0.03914808
    0.04022584
    0.04333172
    0.05555970
    0.04321740
    0.03449263
    0.03679812
    0.04035095
    0.05612053
    0.05821326
    0.06025324
    0.06681335
    0.06178548
    0.07904543
    0.07262905
    0.08035583
    0.04853337
    0.02414961
    0.03367838
    0.02754755
    0.03013921
    0.04365358
    0.02382038
    0.05175739
    0.07849064
    0.06389320
    0.04247962
    0.04915003
    0.06450492
    0.05373471
    0.02766463
    0.02611384
    0.03020634
