           1           2  0.99642836701736370     
           2           3  0.95928755827033130     
           3           4  0.99707260968058142     
           2           5  0.97414327243232279     
           5           6   1.4294151203021248     
           6           7   1.4388415585557490     
           5           8  0.10999653300115637     
           7           8   1.4192433601242338     
           8           9   1.4473062056507806     
           5          10   1.3525653499612296     
           7          10  0.11012255518191359     
           9          10   1.3991239597800440     
          10          11   1.0288106547498934     
          11          12   1.1611798584982740     
          12          13  0.99143714376309544     
          13          14   1.0053859262274734     
          11          15   1.5127600345878314     
          15          16   1.0179045956942612     
          16          17  0.96747170964102158     
          17          18  0.99944587688093545     
          17          19  0.99879367204071012     
          17          20  0.96848091754127918     
          20          21  0.92750017925031847     
          21          22   1.1632445853668023     
          22          23  0.93681900173462962     
          23          24  0.98463883441076405     
          24          25   1.0051564138442328     
          25          26   1.2562481090061814     
          26          27  0.92014951896820840     
          27          28  0.97351428682247687     
          28          29   1.2954142320205329     
          29          30  0.93758384366202274     
          30          31  0.96246009497985263     
          31          32   1.0077366326267978     
          31          33   1.0098104153218099     
          30          34  0.96733303625900358     
          34          35   1.2899515988331207     
          35          36  0.92574107456111498     
          36          37  0.97370375302142886     
          37          38  0.99158196946090349     
          38          39  0.99056047479882148     
          39          40   1.2175533980269397     
          40          41   1.0272109635140907     
          41          42   2.7564506125832331     
          42          43   1.0185955784395258     
          43          44  0.97247219596461909     
          44          45   1.0169854309161050     
          44          46   1.0166530086653891     
          43          47  0.97029255912703516     
          43          48  0.96367246668742201     
          39          49  0.19084561538170833     
          40          49   1.6286055030454210     
          39          50  0.99584869445780277     
          36          51  0.98365367847649232     
          50          51  0.99493338678154775     
          34          52  0.20045839681672051     
          35          52   1.6291784429639835     
          34          53  0.99559853353174188     
          28          54  0.19592660459894662     
          29          54   1.6269884230863674     
          27          55  0.99205120402841940     
          55          56  0.98708408252349911     
          56          57  0.98297205126387177     
          57          58   1.0015595071814247     
          58          59  0.98580463973174426     
          59          60  0.99397753088552920     
          56          61  0.97408798043091360     
          60          61  0.98511498154129651     
          25          62  0.20340847082686353     
          26          62   1.6615376019985346     
          25          63  0.97329674912515129     
          63          64  0.99664172501065929     
          23          65  0.99270429605342814     
          64          65   1.0083120729315067     
          21          66  0.18226210675040583     
          22          66   1.7509590917669060     
          15          67   1.2077751148347482     
          12          68   1.1688407025175982     
          67          68   1.2431910856191297     
          68          69   1.3276467590774024     
          69          70   1.5070632309483729     
          58          71   1.0369759528039497     
          70          71   1.3164628318242995     
          67          72   1.3216034061402000     
          69          72  0.10438610774830229     
          71          72   1.4465699865575077     
          36          73  0.90135821619384227     
           1          74  0.98347845557314650     
           1          75  0.98359320361511704     
           1          76  0.98213191086499929     
           2          77  0.95465438297938454     
           4          78  0.97568168147374001     
           4          79  0.97757556695268066     
           4          80  0.97609756946463033     
           7          81  0.96341229785457871     
           8          82  0.96957743010158726     
           9          83  0.96808203107760671     
          13          84  0.96965763432212138     
          13          85  0.96458042591926474     
          14          86  0.97295025269804558     
          14          87  0.98529370686038953     
          14          88  0.98589434026068223     
          16          89  0.96626532175636004     
          16          90  0.96818880891321824     
          18          91  0.98455644623729044     
          18          92  0.97376419086143462     
          18          93  0.98371864935923836     
          19          94  0.98316555359118296     
          19          95  0.98570464190250862     
          19          96  0.98375155299873762     
          20          97  0.96566917452313872     
          20          98  0.96237867163226887     
          23          99  0.94036535812100075     
          24         100  0.90513584899828703     
          27         101  0.94483514418798209     
          28         102  0.92507424301519459     
          30         103  0.94391442275166648     
          31         104  0.96144150399688544     
          32         105  0.98422822558293421     
          32         106  0.98376489454472371     
          32         107  0.98548311901593466     
          33         108  0.98578434719496755     
          33         109  0.98206105922829501     
          33         110  0.98404838527006389     
          37         111  0.96520143684119375     
          37         112  0.96733714751668021     
          38         113  0.96373352958518743     
          38         114  0.96802975429593952     
          45         115  0.97239673208043165     
          45         116  0.97959246726077032     
          45         117  0.98027929885690301     
          46         118  0.97242791858847810     
          46         119  0.98094245069758168     
          46         120  0.97712685356595219     
          47         121  0.98251492824934883     
          47         122  0.98481968506290063     
          47         123  0.97977656915256062     
          48         124  0.98519718190359407     
          48         125  0.98578570479174887     
          48         126  0.98201498971485324     
          50         127  0.96441296205538063     
          50         128  0.96575717876135758     
          51         129  0.97188877505442783     
          51         130  0.96899208803830028     
          53         131  0.97186205859385399     
          53         132  0.97164659092812011     
          53         133  0.96597578762277636     
          55         134  0.96708234250915170     
          55         135  0.97423363619992442     
          56         136  0.95700894400391801     
          57         137  0.97094831372002943     
          57         138  0.95602913132809753     
          59         139  0.97231295305888454     
          59         140  0.95515245920249814     
          60         141  0.96625015367098110     
          60         142  0.97017917807052401     
          63         143  0.96598031552744623     
          63         144  0.96938116322474155     
          64         145  0.97716992774440381     
          64         146  0.97430942398106912     
          65         147  0.97377797558256796     
          65         148  0.97378171745117093     
          69         149  0.96498016516281404     
          70         150  0.96825086918264192     
          72         151  0.95870903335883140     
