   -0.11573106
    0.11611030
   -0.31411055
    0.04341690
    0.08743428
   -0.21311030
    0.05672394
   -0.04317261
   -0.01857508
   -0.00246932
    0.01866819
   -0.04539381
    0.00361427
   -0.10986943
   -0.03872022
   -0.07059936
    0.02309223
   -0.11322675
   -0.11282682
    0.07572191
   -0.25071105
    0.35094911
    0.02818237
   -0.19552680
   -0.02034659
    0.24229388
    0.02838112
   -0.16282907
    0.27099266
    0.00291203
   -0.01238647
   -0.10939170
   -0.11094362
   -0.07892257
    0.25064941
    0.15418427
   -0.06386443
    0.00257174
   -0.09431618
    0.29036742
   -0.07355880
   -0.01429576
    0.10098100
   -0.17116867
   -0.02915750
   -0.03140217
   -0.10508982
   -0.10943206
   -0.43927680
   -0.00003910
   -0.06727800
   -0.46049892
   -0.04850777
   -0.44504096
   -0.06765122
    0.11236061
    0.00837474
   -0.15511880
    0.00555306
    0.07686317
   -0.32155458
   -0.43704351
   -0.01096493
   -0.06189039
   -0.06463253
   -0.41125635
   -0.02444661
    0.02563020
   -0.05201717
   -0.05646445
    0.05323263
   -0.06299518
   -0.27119329
    0.03554937
    0.04081952
    0.07052666
    0.01459892
    0.02652275
    0.05693821
    0.03203304
    0.04254418
    0.03830454
    0.03750775
    0.04519523
    0.05051157
    0.04928730
    0.04114008
    0.04521515
    0.06104315
    0.04250724
    0.04666116
    0.03941892
    0.04514475
    0.03753474
    0.04638546
    0.03819153
    0.06021617
    0.04832643
    0.02778400
    0.19457059
    0.07062535
    0.19705704
    0.08074959
    0.05217903
    0.03393805
    0.04423306
    0.04228963
    0.04574745
    0.04500620
    0.03980040
    0.04836064
    0.06039016
    0.05072666
    0.08180657
    0.00795381
    0.04029188
    0.03671892
    0.04244398
    0.03795908
    0.01167198
    0.03983704
    0.04061344
    0.03341841
    0.04132566
    0.04860955
    0.05521131
    0.05364634
    0.05520408
    0.07342224
    0.05802654
    0.05714740
    0.06743971
    0.07964552
    0.06933482
    0.04952448
    0.02413096
    0.03207149
    0.02448521
    0.04408430
    0.03036069
    0.02368604
    0.05992629
    0.07984926
    0.06565344
    0.04096554
    0.04856758
    0.05820165
    0.04918392
    0.02417322
    0.02885768
    0.01872600
