           1           2  0.99482759805680854     
           2           3  0.96307102296491365     
           3           4  0.99649819153802743     
           2           5  0.97598087100061448     
           5           6   1.4255878021591948     
           6           7   1.4433050236263105     
           5           8  0.11003778673668180     
           7           8   1.4164156668820691     
           8           9   1.4490691481614018     
           5          10   1.3594763496031539     
           7          10  0.11086825727162765     
           9          10   1.3959344078104665     
          10          11   1.0248150035594215     
          11          12   1.1569233272443498     
          12          13  0.99576324731452670     
          13          14   1.0047439757962600     
          11          15   1.5138672026188200     
          15          16   1.0196768259080697     
          16          17  0.96478521674598849     
          17          18  0.99769897034972499     
          17          19  0.99807242229096993     
          17          20  0.98182734389698778     
          20          21  0.92557876147279439     
          21          22   1.1651617741370666     
          22          23  0.94275986100732156     
          23          24  0.99576162631539800     
          24          25   1.0073308122086404     
          25          26   1.2515876185470678     
          26          27  0.92128261031397118     
          27          28  0.98044296226915095     
          28          29   1.2879738578474000     
          29          30  0.93015484643329727     
          30          31  0.97543323688381411     
          31          32   1.0088003078934038     
          31          33   1.0061804597231701     
          30          34  0.95661669055055965     
          34          35   1.2893355807110636     
          35          36  0.92589727535878585     
          36          37  0.96925725995108769     
          37          38  0.99352957151489929     
          38          39  0.99273701227252575     
          39          40   1.2151678963375614     
          40          41   1.0228292649300090     
          41          42   2.7592996710596465     
          42          43   1.0200041637674637     
          43          44  0.97118456036671619     
          44          45   1.0181645435324815     
          44          46   1.0167141924577543     
          43          47  0.96023603231483856     
          43          48  0.97286992176769149     
          39          49  0.19597860615531013     
          40          49   1.6408965364146024     
          39          50  0.99701180809144685     
          36          51  0.98257910436353302     
          50          51  0.99512638755623373     
          34          52  0.20039253640275567     
          35          52   1.6352854912932819     
          34          53  0.99202861861838931     
          28          54  0.20153721213900624     
          29          54   1.6538897946178144     
          27          55  0.98933907649771735     
          55          56  0.98998028816222283     
          56          57  0.97900592015475085     
          57          58   1.0041759300663873     
          58          59  0.98827848077558722     
          59          60  0.99499756493189784     
          56          61  0.97674616902192335     
          60          61  0.98376851766427964     
          25          62  0.20230565101880096     
          26          62   1.6688619752406468     
          25          63  0.97471618797815807     
          63          64  0.99618775195699938     
          23          65  0.98590751056106973     
          64          65   1.0066272528888165     
          21          66  0.18042352341792547     
          22          66   1.7395273651993231     
          15          67   1.2108031948229272     
          12          68   1.1577889909101788     
          67          68   1.2463173355966395     
          68          69   1.3280482972479657     
          69          70   1.5107025204379290     
          58          71   1.0641634883219755     
          70          71   1.3037032529952928     
          67          72   1.3210007371769312     
          69          72  0.10346136195580499     
          71          72   1.4400195468908303     
          36          73  0.90382722687403860     
           1          74  0.98428723520461858     
           1          75  0.98345114902329134     
           1          76  0.98233663700672835     
           2          77  0.95423607707471403     
           4          78  0.97583324514764158     
           4          79  0.97870355219560201     
           4          80  0.97653534503988160     
           7          81  0.96317219237570328     
           8          82  0.96938579107019740     
           9          83  0.96800233103894218     
          13          84  0.96788395452067144     
          13          85  0.96872930789026190     
          14          86  0.98642350482493257     
          14          87  0.98537270956385892     
          14          88  0.98498044026413156     
          16          89  0.96254996761775735     
          16          90  0.96821342822853618     
          18          91  0.98431659320828191     
          18          92  0.98488679147416092     
          18          93  0.98486708855274618     
          19          94  0.98379072043268168     
          19          95  0.98248130787782717     
          19          96  0.98493449829681179     
          20          97  0.96277511198463617     
          20          98  0.96607836517206891     
          23          99  0.92844875982777286     
          24         100  0.90886426623583438     
          27         101  0.93928811851847938     
          28         102  0.92660279193552286     
          30         103  0.94606318041130355     
          31         104  0.96114006082265069     
          32         105  0.98559883504421542     
          32         106  0.98517145905265124     
          32         107  0.98605032806298754     
          33         108  0.98525762481897672     
          33         109  0.98479975031368283     
          33         110  0.98615999748774863     
          37         111  0.97157401715423608     
          37         112  0.97306666744686832     
          38         113  0.96603545883795860     
          38         114  0.96292786507684514     
          45         115  0.97190641255189170     
          45         116  0.98080251308851385     
          45         117  0.97653556782418582     
          46         118  0.97943647973721903     
          46         119  0.98025327140688623     
          46         120  0.97287666526579164     
          47         121  0.98548726971511580     
          47         122  0.98134893862396000     
          47         123  0.98511755414830038     
          48         124  0.98017094455563725     
          48         125  0.98393282970473384     
          48         126  0.98492026751784800     
          50         127  0.96502320801134212     
          50         128  0.96178449189477533     
          51         129  0.96958011644664333     
          51         130  0.97132506887114667     
          53         131  0.97539079596626332     
          53         132  0.97280223000603028     
          53         133  0.97369405528664044     
          55         134  0.96839319533322521     
          55         135  0.97153017812517217     
          56         136  0.95596043891791527     
          57         137  0.97128280725938998     
          57         138  0.95368837185412880     
          59         139  0.96922128962974385     
          59         140  0.96397236238314654     
          60         141  0.96603652997241318     
          60         142  0.96516888676610368     
          63         143  0.96624059360805326     
          63         144  0.96954263357663617     
          64         145  0.97764617960264855     
          64         146  0.97470822641792143     
          65         147  0.97563275017098339     
          65         148  0.97380868182917157     
          69         149  0.96611610762065048     
          70         150  0.96689869240419579     
          72         151  0.96240309073182440     
