   -0.11507344
    0.11222454
   -0.32021880
    0.04343607
    0.08885879
   -0.23228856
    0.05773774
   -0.04367600
   -0.01754593
    0.00554514
    0.02471850
   -0.02123980
    0.00193267
   -0.10994251
   -0.04748913
   -0.06999719
    0.02029057
   -0.10840839
   -0.11467816
    0.06714411
   -0.24777855
    0.35475667
    0.01962291
   -0.18322966
   -0.01827905
    0.23969075
    0.02167859
   -0.17602070
    0.27081089
    0.00154515
   -0.01186958
   -0.11034536
   -0.11483394
   -0.07115990
    0.24718575
    0.15287668
   -0.06530190
   -0.00104441
   -0.09556776
    0.28887847
   -0.07559933
   -0.02778527
    0.10262520
   -0.17318504
   -0.03246673
   -0.03419140
   -0.10910545
   -0.10829073
   -0.44616059
    0.00361303
   -0.06364395
   -0.46299102
   -0.04856681
   -0.44071310
   -0.07431340
    0.10922277
    0.00279178
   -0.16372862
    0.00014976
    0.08174036
   -0.33211536
   -0.45425497
   -0.01049585
   -0.06236863
   -0.06391366
   -0.40971350
   -0.02151554
    0.03276550
   -0.04829023
   -0.05366026
    0.05307816
   -0.05768867
   -0.26610150
    0.05770037
    0.04104310
    0.04255974
    0.03488318
    0.03247070
    0.02770805
    0.05484275
    0.04169016
    0.03792248
    0.03780015
    0.05132337
    0.05466187
    0.03983308
    0.05434213
    0.04176033
    0.03770769
    0.04806017
    0.04136702
    0.03994249
    0.04731175
    0.03657701
    0.03627011
    0.04271168
    0.06901068
    0.04558245
    0.05112663
    0.16457419
    0.07072042
    0.20057728
    0.08344116
    0.03988356
    0.04527090
    0.03899840
    0.04467340
    0.04413247
    0.04811360
    0.04345723
    0.07058746
    0.05637047
    0.05694811
    0.05651982
    0.03872886
    0.01588958
    0.03971881
    0.03812522
    0.04076962
    0.02256563
    0.04079198
    0.04036015
    0.05277557
    0.05245638
    0.04135523
    0.04582150
    0.07986515
    0.05107358
    0.04625972
    0.05798412
    0.05545548
    0.08131717
    0.07174986
    0.05435553
    0.04812453
    0.03289207
    0.05877768
    0.03470335
    0.04416920
    0.03060562
    0.04257493
    0.01690079
    0.08331511
    0.06324055
    0.04516153
    0.05060682
    0.05442844
    0.05619776
    0.02663247
    0.03642555
    0.02927461
