           1           2  0.98332159075828662     
           2           3  0.96887508772851205     
           3           4  0.99584339549064849     
           2           5  0.98185891778661427     
           5           6   1.4216809205162206     
           6           7   1.4381836299749693     
           5           8  0.10954244419794334     
           7           8   1.4230671014711196     
           8           9   1.4398323325196474     
           5          10   1.3583080794272344     
           7          10  0.11260100984170299     
           9          10   1.4046607094587591     
          10          11   1.0126273889316775     
          11          12   1.1757331416350465     
          12          13  0.99451178365828452     
          13          14   1.0048586687053971     
          11          15   1.5076604186947307     
          15          16   1.0191055475639734     
          16          17  0.96244056233170561     
          17          18   1.0001292486196969     
          17          19  0.99915890244354200     
          17          20  0.97618796055810375     
          20          21  0.92744109875211311     
          21          22   1.1687067041575032     
          22          23  0.94025745978090547     
          23          24  0.99156904414580038     
          24          25   1.0049848321363444     
          25          26   1.2666094824559517     
          26          27  0.93747894426975387     
          27          28  0.99497616763313890     
          28          29   1.2655082575973067     
          29          30  0.93416120566334260     
          30          31  0.96202399553959861     
          31          32   1.0074024670487800     
          31          33   1.0072660841286241     
          30          34  0.96983920676584934     
          34          35   1.2912424409473884     
          35          36  0.92560281664599753     
          36          37  0.98169248821347899     
          37          38  0.99494424734187614     
          38          39  0.99643083992546477     
          39          40   1.2163451416321927     
          40          41   1.0248903407183052     
          41          42   2.7551446339160259     
          42          43   1.0128837748077200     
          43          44  0.96459239642437067     
          44          45   1.0141914701920436     
          44          46   1.0126089862852363     
          43          47  0.97595167634909530     
          43          48  0.97393896337285457     
          39          49  0.19474557298617465     
          40          49   1.6354059454691257     
          39          50  0.99302113849030194     
          36          51  0.96976153527354281     
          50          51  0.99334105793257055     
          34          52  0.20215293219646546     
          35          52   1.6345884826720725     
          34          53  0.99228439603983654     
          28          54  0.19893854281719969     
          29          54   1.6765748044520923     
          27          55  0.96297022338099048     
          55          56  0.98363774226616751     
          56          57  0.97517037379673432     
          57          58  0.99481341932763789     
          58          59   1.0063411581617698     
          59          60  0.97892598545898268     
          56          61  0.96730525512601440     
          60          61  0.98543908448710427     
          25          62  0.20062679481600362     
          26          62   1.6349424757481350     
          25          63  0.97402086834260282     
          63          64  0.99807630415415405     
          23          65  0.98207071606516438     
          64          65   1.0069712647349489     
          21          66  0.18144821423020147     
          22          66   1.7406660512857284     
          15          67   1.2074114464744237     
          12          68   1.1682817647907053     
          67          68   1.2456762668442447     
          68          69   1.3270061534476938     
          69          70   1.5084492031191055     
          58          71   1.0273512733482764     
          70          71   1.3173927974870483     
          67          72   1.3244745308499593     
          69          72  0.10638723093972888     
          71          72   1.4577114399483628     
          36          73  0.90926894065501984     
           1          74  0.97975203716423698     
           1          75  0.98493374881992291     
           1          76  0.98422658182438583     
           2          77  0.95567732400898664     
           4          78  0.97708395402099812     
           4          79  0.97654232102971317     
           4          80  0.97929921483824778     
           7          81  0.96328330030532872     
           8          82  0.96938972182210292     
           9          83  0.96634379375241197     
          13          84  0.96836450670774787     
          13          85  0.96739663002356790     
          14          86  0.98642091771797191     
          14          87  0.98545316865423116     
          14          88  0.98546978708303068     
          16          89  0.96507192374058759     
          16          90  0.97031246391638637     
          18          91  0.98467951124474351     
          18          92  0.98543237719475618     
          18          93  0.98358619209831977     
          19          94  0.98429132075473935     
          19          95  0.97780184351430299     
          19          96  0.98402849270634196     
          20          97  0.95501797348760431     
          20          98  0.96543685409467739     
          23          99  0.93283419657088007     
          24         100  0.93001698266877841     
          27         101  0.94147509025355891     
          28         102  0.92159850969542734     
          30         103  0.94536475282994670     
          31         104  0.96241067495280608     
          32         105  0.98588706716725627     
          32         106  0.98510936110257985     
          32         107  0.98456130222242788     
          33         108  0.98525534705852824     
          33         109  0.98415639689126855     
          33         110  0.98383816362547105     
          37         111  0.97031140754829637     
          37         112  0.97252551078991922     
          38         113  0.96313414876599246     
          38         114  0.96506744098481323     
          45         115  0.98104726349113025     
          45         116  0.97485734187787387     
          45         117  0.97976440791804464     
          46         118  0.98113876180843307     
          46         119  0.98000170052354618     
          46         120  0.97501309512736989     
          47         121  0.98376966482217210     
          47         122  0.98447525412753722     
          47         123  0.98305662086044099     
          48         124  0.98239671299728493     
          48         125  0.98434434652201086     
          48         126  0.98350927384005471     
          50         127  0.96343720875718253     
          50         128  0.96621850951164590     
          51         129  0.97059800837602028     
          51         130  0.97336797709635992     
          53         131  0.97413051789945504     
          53         132  0.96993994654033544     
          53         133  0.97399349818221082     
          55         134  0.97093065758158414     
          55         135  0.96925822168663123     
          56         136  0.95656540311401228     
          57         137  0.96809502518846924     
          57         138  0.96974719333108383     
          59         139  0.97433124767827306     
          59         140  0.97063460648015976     
          60         141  0.97234939656248620     
          60         142  0.97170687044285864     
          63         143  0.96480582359445921     
          63         144  0.96724890301678113     
          64         145  0.97690384419293697     
          64         146  0.97385232987775328     
          65         147  0.97594109880845670     
          65         148  0.97360937613440945     
          69         149  0.96622330917415522     
          70         150  0.96859696796186889     
          72         151  0.96087164967339156     
