   -0.11785394
    0.11623122
   -0.31613119
    0.04513446
    0.08767171
   -0.21974775
    0.05645940
   -0.04350946
   -0.01747941
    0.00144243
    0.02030366
   -0.04540580
    0.00755424
   -0.11041723
   -0.03503582
   -0.07374831
    0.02125056
   -0.10925337
   -0.11530224
    0.06841028
   -0.24745630
    0.35505998
    0.01967774
   -0.18278034
   -0.01737152
    0.23894865
    0.02221537
   -0.17808618
    0.27080867
    0.00086000
   -0.01177598
   -0.10990258
   -0.11469001
   -0.07051531
    0.24708942
    0.15256403
   -0.06409867
    0.00304819
   -0.09629315
    0.28898939
   -0.07567753
   -0.02542310
    0.10223748
   -0.17357055
   -0.03276446
   -0.03005099
   -0.10925830
   -0.10805415
   -0.44365144
    0.00366301
   -0.06359895
   -0.46178705
   -0.04849476
   -0.44082121
   -0.07433786
    0.10932691
    0.00210988
   -0.16466827
   -0.00016084
    0.08161492
   -0.33192516
   -0.45558187
   -0.01049845
   -0.06237226
   -0.06394866
   -0.41048145
   -0.02120982
    0.03169735
   -0.05058107
   -0.05344463
    0.05328846
   -0.05693349
   -0.26641228
    0.06684220
    0.04720028
    0.04019615
    0.01732241
    0.05637095
    0.02919139
    0.02834692
    0.04221665
    0.03814064
    0.03680910
    0.04750852
    0.03786664
    0.04325628
    0.05657216
    0.04272873
    0.05951801
    0.04686856
    0.03989887
    0.04155267
    0.04584692
    0.03460063
    0.03694804
    0.04750666
    0.06569664
    0.04599652
    0.05066429
    0.16399368
    0.06898188
    0.20221522
    0.08440556
    0.03915299
    0.04614332
    0.03791083
    0.04467704
    0.04498682
    0.04794664
    0.04278718
    0.06995050
    0.05566200
    0.05202223
    0.05482382
    0.03828255
    0.04399072
    0.01334584
    0.03920368
    0.00527757
    0.04244225
    0.04506212
    0.05181827
    0.04625901
    0.05197509
    0.04092366
    0.04573652
    0.08015020
    0.05085349
    0.04591025
    0.05797687
    0.07309045
    0.05442692
    0.08063553
    0.05440347
    0.04886808
    0.03225303
    0.05990829
    0.03549002
    0.04371701
    0.03137352
    0.04327288
    0.01715380
    0.08365002
    0.06318902
    0.04545999
    0.05082331
    0.05411458
    0.05687157
    0.02567107
    0.03785207
    0.03214648
