           1           2   1.0005878755689546     
           2           3  0.96270429027831050     
           3           4  0.99715050607212929     
           2           5  0.97606623579903062     
           5           6   1.4307007385489985     
           6           7   1.4341218675804095     
           5           8  0.11061526804352392     
           7           8   1.4266300876284217     
           8           9   1.4363543669051897     
           5          10   1.3528989180164717     
           7          10  0.11364167342837599     
           9          10   1.4096953738669142     
          10          11   1.0130278408993716     
          11          12   1.1544406368896067     
          12          13  0.99573361662320825     
          13          14   1.0048849148453649     
          11          15   1.5254374435793769     
          15          16   1.0194094009158750     
          16          17  0.96554126808674301     
          17          18  0.99942949562320016     
          17          19  0.99822837695105959     
          17          20  0.97601509916812723     
          20          21  0.92614313234164292     
          21          22   1.1705828418747755     
          22          23  0.93920055160192339     
          23          24  0.99117693070376567     
          24          25   1.0048723528932406     
          25          26   1.2694721457370008     
          26          27  0.93733371582247760     
          27          28  0.99492794180172051     
          28          29   1.2647830745893920     
          29          30  0.93557541185967696     
          30          31  0.95942228667941076     
          31          32   1.0074048140065157     
          31          33   1.0076310569139744     
          30          34  0.97121048496654960     
          34          35   1.2916783270681582     
          35          36  0.92534318247918923     
          36          37  0.98147396911033624     
          37          38  0.99517410078950552     
          38          39  0.99693590076782190     
          39          40   1.2146165639532203     
          40          41   1.0236534516631128     
          41          42   2.7548299675382379     
          42          43   1.0136130615914782     
          43          44  0.96333921109914600     
          44          45   1.0141211586926588     
          44          46   1.0172088174092255     
          43          47  0.97478698192460633     
          43          48  0.97437362720785115     
          39          49  0.19486789756095416     
          40          49   1.6382668998611236     
          39          50  0.99296679190728199     
          36          51  0.97007781073722232     
          50          51  0.99363009038033745     
          34          52  0.20304123589717374     
          35          52   1.6349992190638258     
          34          53  0.99254792228758792     
          28          54  0.19841442052375097     
          29          54   1.6767052796910069     
          27          55  0.96328313415251265     
          55          56  0.98367919005247551     
          56          57  0.97546486603013338     
          57          58  0.99429071593034934     
          58          59   1.0055129659079094     
          59          60  0.97956090224376835     
          56          61  0.96717848914381166     
          60          61  0.98544556205188716     
          25          62  0.20054505706034922     
          26          62   1.6314968312024460     
          25          63  0.97361373679526553     
          63          64  0.99827107851383523     
          23          65  0.98222892166714415     
          64          65   1.0070458290686073     
          21          66  0.18181294954820273     
          22          66   1.7400781508894032     
          15          67   1.2032965732724730     
          12          68   1.1602238409736469     
          67          68   1.2474940525551474     
          68          69   1.3305119446073534     
          69          70   1.5046172647053717     
          58          71   1.0265538287623523     
          70          71   1.3204433711890706     
          67          72   1.3263757176582187     
          69          72  0.10650325491312093     
          71          72   1.4566721480625715     
          36          73  0.90903209400744445     
           1          74  0.98353552895483465     
           1          75  0.98442526029105715     
           1          76  0.98357172758086020     
           2          77  0.95005921195552367     
           4          78  0.97855602417164522     
           4          79  0.97677107293526155     
           4          80  0.97547530719390996     
           7          81  0.96323471204333910     
           8          82  0.96949252678584141     
           9          83  0.96649230252983298     
          13          84  0.96892124177198014     
          13          85  0.96960037157270063     
          14          86  0.98579905539320234     
          14          87  0.98529686854508325     
          14          88  0.98524052737267853     
          16          89  0.96002073600008020     
          16          90  0.97018825296032030     
          18          91  0.98488425687751691     
          18          92  0.98554627552659624     
          18          93  0.98369712012207100     
          19          94  0.98449010152419114     
          19          95  0.97726441770631689     
          19          96  0.98356065060257769     
          20          97  0.95741346057686916     
          20          98  0.96522330572277326     
          23          99  0.93413816443205377     
          24         100  0.93047664030935318     
          27         101  0.94203081657688925     
          28         102  0.91932017875614025     
          30         103  0.94496413605792096     
          31         104  0.96299753470662641     
          32         105  0.98584130193344333     
          32         106  0.98529087403958104     
          32         107  0.98442651544813575     
          33         108  0.98511605703042537     
          33         109  0.98400022336100912     
          33         110  0.98374553032788425     
          37         111  0.97047342078120646     
          37         112  0.97267757026279156     
          38         113  0.95912071199175108     
          38         114  0.96490656101548788     
          45         115  0.98109462436648920     
          45         116  0.97920877517576421     
          45         117  0.97454061960835336     
          46         118  0.98069550109601655     
          46         119  0.97030504001704088     
          46         120  0.97958985265789078     
          47         121  0.98303447322716275     
          47         122  0.98283848883640823     
          47         123  0.98384470148354963     
          48         124  0.98232670397539612     
          48         125  0.98396751368124769     
          48         126  0.98385457866725257     
          50         127  0.96329233572537143     
          50         128  0.96603069502870764     
          51         129  0.97009859936703891     
          51         130  0.97333994843847882     
          53         131  0.97420130613747191     
          53         132  0.97373333546830987     
          53         133  0.97016390859071500     
          55         134  0.97109280444931600     
          55         135  0.96966521917532411     
          56         136  0.95639137414072084     
          57         137  0.96800573435491810     
          57         138  0.96960162826645158     
          59         139  0.97448328544210028     
          59         140  0.97054285818340247     
          60         141  0.97219401013367812     
          60         142  0.97160199880809195     
          63         143  0.96465222109259396     
          63         144  0.96712960567523143     
          64         145  0.97683953117487221     
          64         146  0.97376531868772287     
          65         147  0.97593416679949352     
          65         148  0.97350233542200659     
          69         149  0.96632773373673375     
          70         150  0.96867519287278847     
          72         151  0.96048310359711420     
