   -0.11385548
    0.11277567
   -0.30618595
    0.04808534
    0.07843097
   -0.21518850
    0.05695740
   -0.04369123
   -0.01764395
   -0.00770746
    0.01810854
   -0.04517228
    0.00716143
   -0.10936250
   -0.04576104
   -0.06510578
    0.02280520
   -0.10752754
   -0.11279238
    0.06180422
   -0.25925891
    0.35235114
    0.02622250
   -0.18342211
   -0.02204289
    0.24064287
    0.02952156
   -0.16208143
    0.27098953
    0.00464882
   -0.01308133
   -0.10894517
   -0.10972601
   -0.07838822
    0.24758490
    0.15253867
   -0.06504156
    0.00505507
   -0.09889514
    0.28980073
   -0.07583454
   -0.02516787
    0.10274257
   -0.17308501
   -0.03340042
   -0.03377014
   -0.10950150
   -0.10851834
   -0.45559797
   -0.00128054
   -0.06752134
   -0.45796124
   -0.05695623
   -0.45427833
   -0.06880022
    0.11275662
    0.00748735
   -0.15811679
    0.00467838
    0.08058514
   -0.31985376
   -0.44232313
   -0.01128497
   -0.06355231
   -0.06613091
   -0.40213515
   -0.02631164
    0.02486605
   -0.05188860
   -0.05554512
    0.05314438
   -0.07037088
   -0.26842512
    0.04040794
    0.05755019
    0.07432545
    0.01969672
    0.02315632
    0.01682241
    0.05735970
    0.04091597
    0.03662001
    0.03405598
    0.04337279
    0.04568855
    0.05125060
    0.04220571
    0.04514180
    0.04693348
    0.03649493
    0.04108753
    0.03943464
    0.04683967
    0.04421535
    0.04250670
    0.03602261
    0.06385693
    0.06584037
    0.02928999
    0.16259813
    0.06533530
    0.20047358
    0.07965072
    0.05145579
    0.04394139
    0.03769469
    0.04178704
    0.04320270
    0.04563786
    0.04040174
    0.06036224
    0.04825798
    0.07489494
    0.05135930
    0.04113803
    0.01740782
    0.03871650
    0.03878308
    0.01953468
    0.04030483
    0.04400706
    0.05451283
    0.04137010
    0.05391316
    0.04413122
    0.04145793
    0.05723124
    0.05695979
    0.06026713
    0.07265431
    0.05855630
    0.07003548
    0.08488091
    0.07529729
    0.04041911
    0.02563848
    0.03599763
    0.02569781
    0.06113168
    0.02131595
    0.02920559
    0.05629348
    0.08449590
    0.06595471
    0.04505677
    0.05174474
    0.06235568
    0.06064082
    0.02562109
    0.03474359
    0.03112541
