           1           2  0.99614076121973461     
           2           3  0.96272769289077020     
           3           4   1.0039085171705289     
           2           5  0.97352816004252241     
           5           6   1.4262119574267120     
           6           7   1.4429590840044961     
           5           8  0.11067964174196974     
           7           8   1.4169494686994875     
           8           9   1.4479352761483135     
           5          10   1.3504265780775595     
           7          10  0.10998881183222160     
           9          10   1.3995611315552181     
          10          11   1.0282854237937944     
          11          12   1.1590821739432244     
          12          13  0.99625458900885966     
          13          14   1.0053565738690264     
          11          15   1.5083594800871263     
          15          16   1.0195122344985244     
          16          17  0.96573553027210912     
          17          18  0.99895932233500417     
          17          19  0.99680700560947311     
          17          20  0.97321848946259093     
          20          21  0.92471109590796741     
          21          22   1.1589590219775985     
          22          23  0.94068897605856661     
          23          24  0.98818231187549799     
          24          25   1.0034749460625414     
          25          26   1.2565931721884447     
          26          27  0.92306366772317217     
          27          28  0.98409435763717212     
          28          29   1.2826098040374359     
          29          30  0.93100391966209739     
          30          31  0.97110421831206317     
          31          32   1.0084601330548302     
          31          33   1.0063193652695359     
          30          34  0.95843032075155887     
          34          35   1.2893220047207825     
          35          36  0.92112676272822569     
          36          37  0.96981060434449273     
          37          38  0.99217592649357766     
          38          39  0.99209076581064415     
          39          40   1.2152440101025828     
          40          41   1.0300982761342925     
          41          42   2.7522297189112228     
          42          43   1.0137513571341457     
          43          44  0.96621314298048600     
          44          45   1.0135563446442843     
          44          46   1.0133117622681840     
          43          47  0.97363726658801997     
          43          48  0.97331839578660218     
          39          49  0.19070020586571645     
          40          49   1.6286779467243853     
          39          50  0.99422267924553620     
          36          51  0.98514154538318255     
          50          51  0.99344989685410434     
          34          52  0.20312943765730751     
          35          52   1.6363234175428290     
          34          53  0.99505312071895047     
          28          54  0.19836774750902139     
          29          54   1.6548513007583201     
          27          55  0.98597268607151456     
          55          56  0.98708076131319411     
          56          57  0.98254234340981839     
          57          58   1.0029847528794806     
          58          59  0.98464927126355350     
          59          60  0.99598324267119676     
          56          61  0.97800107915349987     
          60          61  0.98167652438978659     
          25          62  0.20348006767906002     
          26          62   1.6575065633194999     
          25          63  0.97266117475490943     
          63          64  0.99803891450530213     
          23          65  0.98932483023812889     
          64          65   1.0088436941787868     
          21          66  0.17988916039189171     
          22          66   1.7501247946866811     
          15          67   1.2098196147929230     
          12          68   1.1565173118950522     
          67          68   1.2485665374497414     
          68          69   1.3269510459198892     
          69          70   1.5101491561114657     
          58          71   1.0637831604959997     
          70          71   1.3059460153035576     
          67          72   1.3193422253237705     
          69          72  0.10439770066994873     
          71          72   1.4389385579951919     
          36          73  0.90593830090822114     
           1          74  0.98296181887834833     
           1          75  0.98334487913594470     
           1          76  0.98112512155164222     
           2          77  0.95412035661881589     
           4          78  0.97563214166590939     
           4          79  0.97517569210718213     
           4          80  0.97915095229718729     
           7          81  0.96317673302898354     
           8          82  0.96955434718741418     
           9          83  0.96605273612001175     
          13          84  0.96802466816495547     
          13          85  0.96814707477032891     
          14          86  0.98493397689848727     
          14          87  0.98492965398073662     
          14          88  0.98498552849534304     
          16          89  0.96804854619021585     
          16          90  0.96699436264408278     
          18          91  0.98497249144819699     
          18          92  0.98522366482317858     
          18          93  0.98370428449831904     
          19          94  0.98440304900616871     
          19          95  0.98395520740043507     
          19          96  0.98376554152588658     
          20          97  0.96367975671330053     
          20          98  0.95882667743395256     
          23          99  0.93381791926137558     
          24         100  0.93166463116314113     
          27         101  0.93830002324613027     
          28         102  0.92665923813173534     
          30         103  0.94922281372373041     
          31         104  0.96412673915808300     
          32         105  0.98564152904641844     
          32         106  0.98433222957098288     
          32         107  0.98525151271968292     
          33         108  0.98590805822459160     
          33         109  0.98517400812953237     
          33         110  0.98380425791252568     
          37         111  0.96667007753352918     
          37         112  0.96798477014756390     
          38         113  0.96378455530845453     
          38         114  0.96782725237621270     
          45         115  0.97967777610528195     
          45         116  0.97487874263672769     
          45         117  0.98112435809501908     
          46         118  0.98113728653482890     
          46         119  0.97492689721071812     
          46         120  0.98005802421754273     
          47         121  0.98345833560532192     
          47         122  0.98246457889698380     
          47         123  0.98432894092063439     
          48         124  0.98222012410708126     
          48         125  0.98379065253078191     
          48         126  0.98432063068454134     
          50         127  0.96438920042137954     
          50         128  0.96706995913762417     
          51         129  0.97156819806250971     
          51         130  0.96890258800760232     
          53         131  0.97057759661772802     
          53         132  0.97184804655235069     
          53         133  0.96601513698081387     
          55         134  0.96781456979710279     
          55         135  0.97169550375507385     
          56         136  0.95432425642567464     
          57         137  0.96986473763155856     
          57         138  0.95551366997924059     
          59         139  0.96716479865152327     
          59         140  0.96238768828075127     
          60         141  0.96542780722559929     
          60         142  0.96650723316841058     
          63         143  0.96392427473392228     
          63         144  0.96800087685103153     
          64         145  0.97670952531162425     
          64         146  0.97384301415520080     
          65         147  0.97412230004319533     
          65         148  0.97265357098091310     
          69         149  0.96674919305250628     
          70         150  0.96694526376828527     
          72         151  0.95988641537542296     
