   -0.11781630
    0.11621088
   -0.31613016
    0.04519995
    0.08764054
   -0.21985610
    0.05641519
   -0.04349625
   -0.01754808
    0.00131946
    0.02035450
   -0.04527238
    0.00767301
   -0.11036865
   -0.03487447
   -0.07392702
    0.02115174
   -0.10904790
   -0.11510054
    0.06826000
   -0.24797392
    0.35503147
    0.01992204
   -0.18253188
   -0.01771830
    0.23937142
    0.02214231
   -0.17600493
    0.27102785
    0.00153064
   -0.01192871
   -0.11058775
   -0.11519242
   -0.07123682
    0.24729781
    0.15295547
   -0.06562505
   -0.00168718
   -0.09492745
    0.29013694
   -0.07248052
   -0.01451378
    0.10097316
   -0.16933368
   -0.03099118
   -0.03105502
   -0.10606430
   -0.10812955
   -0.43943608
    0.00258037
   -0.06398325
   -0.46328525
   -0.04843323
   -0.44143998
   -0.07453930
    0.10946749
    0.00271087
   -0.16561605
    0.00009611
    0.08152072
   -0.33162531
   -0.45509164
   -0.01055221
   -0.06238354
   -0.06387696
   -0.40997151
   -0.02107250
    0.03182167
   -0.05060964
   -0.05355542
    0.05330126
   -0.05682644
   -0.26626939
    0.06672715
    0.04732666
    0.04021259
    0.01729072
    0.05644778
    0.02917576
    0.02817606
    0.04220325
    0.03816608
    0.03688603
    0.04715457
    0.03794501
    0.04343178
    0.05664325
    0.04269228
    0.05955685
    0.04696405
    0.03993244
    0.04137156
    0.04593934
    0.03458300
    0.03675886
    0.04740990
    0.06571460
    0.04593496
    0.04993037
    0.16363176
    0.06937649
    0.20162431
    0.08338819
    0.03958888
    0.04506441
    0.03933696
    0.04476165
    0.04413150
    0.04816876
    0.04431779
    0.07106946
    0.05625769
    0.05619873
    0.05711193
    0.03916315
    0.04507279
    0.00963700
    0.03846927
    0.01051454
    0.04047240
    0.03648570
    0.03335356
    0.03958325
    0.05606456
    0.04308123
    0.04223898
    0.08060546
    0.05174365
    0.04680621
    0.05869760
    0.07136560
    0.05555201
    0.08101154
    0.05499784
    0.04824860
    0.03190792
    0.05883162
    0.03581254
    0.04351751
    0.03100583
    0.04314674
    0.01758085
    0.08374881
    0.06316459
    0.04547444
    0.05079051
    0.05410243
    0.05679602
    0.02565160
    0.03773387
    0.03284154
