           1           2   1.0005970485926601     
           2           3  0.96272147915867279     
           3           4  0.99722620547793905     
           2           5  0.97609765631319712     
           5           6   1.4309155492958967     
           6           7   1.4338996953959391     
           5           8  0.11064462306240579     
           7           8   1.4268074616374513     
           8           9   1.4363424641806763     
           5          10   1.3526553833806614     
           7          10  0.11364227149511322     
           9          10   1.4101183765669345     
          10          11   1.0130720008054348     
          11          12   1.1547091577517772     
          12          13  0.99568993506926151     
          13          14   1.0049407193088444     
          11          15   1.5249459955643025     
          15          16   1.0195655455238444     
          16          17  0.96523256850526251     
          17          18  0.99956820373829691     
          17          19  0.99831762131874613     
          17          20  0.97582093074546017     
          20          21  0.92641450541887527     
          21          22   1.1696066381842796     
          22          23  0.93934064676359152     
          23          24  0.99148571724100309     
          24          25   1.0045661056725250     
          25          26   1.2687556387898908     
          26          27  0.93736711042751364     
          27          28  0.99517702765215332     
          28          29   1.2665256091007444     
          29          30  0.93342906884854937     
          30          31  0.96269398387906990     
          31          32   1.0073222687137680     
          31          33   1.0071878253348692     
          30          34  0.96983990909783435     
          34          35   1.2908324289355393     
          35          36  0.92592103421933447     
          36          37  0.98168000273574074     
          37          38  0.99476921393286921     
          38          39  0.99646782353608099     
          39          40   1.2138287213355439     
          40          41   1.0239159834182385     
          41          42   2.7590907586069848     
          42          43   1.0191629857541795     
          43          44  0.97388388379338420     
          44          45   1.0160513672540252     
          44          46   1.0175645583158019     
          43          47  0.96244075121083350     
          43          48  0.97014928738724393     
          39          49  0.19577083026147829     
          40          49   1.6417402541651749     
          39          50  0.99295145817443320     
          36          51  0.96950184846397014     
          50          51  0.99317596602504610     
          34          52  0.20174521901156556     
          35          52   1.6345978450256493     
          34          53  0.99216448826128523     
          28          54  0.19900981152206881     
          29          54   1.6762967611711710     
          27          55  0.96309039732851098     
          55          56  0.98396712804349573     
          56          57  0.97539409665705123     
          57          58  0.99402323447321528     
          58          59   1.0055889990326765     
          59          60  0.97943421980852619     
          56          61  0.96720851186081347     
          60          61  0.98546797404286257     
          25          62  0.20082288225797551     
          26          62   1.6327020921623692     
          25          63  0.97380146903779141     
          63          64  0.99831678864481543     
          23          65  0.98179030645501497     
          64          65   1.0070667719982054     
          21          66  0.18177875471695490     
          22          66   1.7408107979357670     
          15          67   1.2034785550164822     
          12          68   1.1601843042793842     
          67          68   1.2472799414091038     
          68          69   1.3307939849283708     
          69          70   1.5041887835415464     
          58          71   1.0254973566224723     
          70          71   1.3209950007523064     
          67          72   1.3265446547702262     
          69          72  0.10660521519734145     
          71          72   1.4570282307642728     
          36          73  0.90917352283653918     
           1          74  0.98355571300551181     
           1          75  0.98439960556298867     
           1          76  0.98365531811308271     
           2          77  0.94986807746643132     
           4          78  0.97854031961864962     
           4          79  0.97680768145482255     
           4          80  0.97545664006662736     
           7          81  0.96324154534215001     
           8          82  0.96948800621906683     
           9          83  0.96649610413917886     
          13          84  0.96893333493946510     
          13          85  0.96964995114532071     
          14          86  0.98594074057825165     
          14          87  0.98523480321900825     
          14          88  0.98523172985040852     
          16          89  0.96009686413476902     
          16          90  0.97026677284994012     
          18          91  0.98487939519438328     
          18          92  0.98552978862012008     
          18          93  0.98370199088901378     
          19          94  0.98447477771493386     
          19          95  0.97782498582106092     
          19          96  0.98358961372894171     
          20          97  0.95704947701411602     
          20          98  0.96524108922497598     
          23          99  0.93413636091804275     
          24         100  0.93090363523268560     
          27         101  0.94247503285567014     
          28         102  0.92035002383154230     
          30         103  0.94516588791097189     
          31         104  0.96229801997715625     
          32         105  0.98590020067822337     
          32         106  0.98501907745774608     
          32         107  0.98456966227055898     
          33         108  0.98518931068863558     
          33         109  0.98408260845409345     
          33         110  0.98360529005113162     
          37         111  0.97021598328421954     
          37         112  0.97252343387989104     
          38         113  0.96284622611177506     
          38         114  0.96519851280216218     
          45         115  0.98095716862430604     
          45         116  0.97651790115405612     
          45         117  0.97270099776883900     
          46         118  0.98028349616606492     
          46         119  0.97215944891436268     
          46         120  0.97962640376655274     
          47         121  0.98533547270606903     
          47         122  0.98602731198985905     
          47         123  0.98196303518769645     
          48         124  0.98486663441550881     
          48         125  0.97983039838494457     
          48         126  0.98467675013773237     
          50         127  0.96335752835356270     
          50         128  0.96634945580400433     
          51         129  0.97103522470159043     
          51         130  0.97330102360142945     
          53         131  0.97402580994838139     
          53         132  0.97447655129383159     
          53         133  0.97026310699816576     
          55         134  0.97088809713225033     
          55         135  0.96946033124801279     
          56         136  0.95647965196698481     
          57         137  0.96821753307223313     
          57         138  0.96966442129568842     
          59         139  0.97460001376649563     
          59         140  0.97066736633053174     
          60         141  0.97221401179708278     
          60         142  0.97157827448041956     
          63         143  0.96457923617654506     
          63         144  0.96710323243811458     
          64         145  0.97685120807068970     
          64         146  0.97376342010593120     
          65         147  0.97594004807381407     
          65         148  0.97350163375772814     
          69         149  0.96639021037785666     
          70         150  0.96872282587563241     
          72         151  0.96040853927226300     
