   -0.12151366
    0.11899137
   -0.31847304
    0.04491114
    0.08415783
   -0.23363896
    0.05623496
   -0.04353586
   -0.01857451
    0.00505482
    0.02911694
   -0.03170766
    0.00830837
   -0.11866465
   -0.04498663
   -0.06579151
    0.02386352
   -0.10750672
   -0.11866675
    0.06487557
   -0.25249438
    0.35305226
    0.02728420
   -0.20448540
   -0.02149502
    0.24028485
    0.02564407
   -0.16951376
    0.27157100
    0.00843814
   -0.01548357
   -0.11569221
   -0.10953242
   -0.06942456
    0.25052990
    0.15218681
   -0.06462838
    0.00176437
   -0.09423169
    0.28937170
   -0.07507860
   -0.01603437
    0.10144089
   -0.17471019
   -0.03292712
   -0.03079319
   -0.10433777
   -0.10599920
   -0.43822809
    0.00724768
   -0.06350565
   -0.46021796
   -0.05049163
   -0.45866759
   -0.07388718
    0.11037944
    0.00850630
   -0.17642052
   -0.00055499
    0.07865671
   -0.32610694
   -0.43917457
   -0.00992845
   -0.06235533
   -0.06588028
   -0.40414880
   -0.02736548
    0.02761680
   -0.05311892
   -0.05427731
    0.05334832
   -0.06633624
   -0.27013463
    0.06677141
    0.04188771
    0.05239187
    0.02292076
    0.02489691
    0.05651506
    0.03376194
    0.04010424
    0.03607425
    0.03341495
    0.04417848
    0.04169495
    0.04092861
    0.04717897
    0.06125740
    0.05275831
    0.02906145
    0.04476658
    0.03447211
    0.04558531
    0.03876650
    0.03443091
    0.05880615
    0.06002551
    0.06517317
    0.02500262
    0.19440920
    0.06316990
    0.20648393
    0.08236331
    0.04437296
    0.05127226
    0.04311080
    0.04159261
    0.04424714
    0.04334044
    0.04233444
    0.05794897
    0.07178959
    0.05030719
    0.08190152
    0.04905923
    0.03525834
    0.01613199
    0.01316211
    0.03725607
    0.04011446
    0.03792512
    0.04390282
    0.04371624
    0.03806586
    0.04362766
    0.03893003
    0.05034553
    0.05313951
    0.06085755
    0.05188263
    0.05965791
    0.06404734
    0.08379609
    0.08199801
    0.04849624
    0.02478392
    0.03185035
    0.02802043
    0.04023037
    0.04979167
    0.02562191
    0.05115451
    0.07881982
    0.06390361
    0.04159954
    0.04911164
    0.06325098
    0.05406597
    0.02517860
    0.03230584
    0.03535410
