           1           2  0.98800200546605055     
           2           3  0.97338317826538678     
           3           4  0.99429990058053863     
           2           5  0.98160984661071815     
           5           6   1.4181604449037639     
           6           7   1.4413988924348597     
           5           8  0.10720966449286909     
           7           8   1.4142000610851679     
           8           9   1.4503317250174566     
           5          10   1.3489181140244606     
           7          10  0.10817113333948400     
           9          10   1.3928250742069455     
          10          11   1.0345471021554871     
          11          12   1.1627840221413146     
          12          13  0.99408551303593884     
          13          14   1.0056834109483102     
          11          15   1.5038294210455070     
          15          16   1.0192509054986660     
          16          17  0.96610167077060338     
          17          18  0.99892339617414339     
          17          19  0.99766690582735773     
          17          20  0.97115754392200682     
          20          21  0.92845431099950204     
          21          22   1.1625499750551092     
          22          23  0.93849611101474939     
          23          24  0.98662065042227098     
          24          25   1.0055934900915982     
          25          26   1.2600421797729169     
          26          27  0.92019083254118750     
          27          28  0.97407034114034541     
          28          29   1.2948358366541242     
          29          30  0.94285576155624262     
          30          31  0.95610992039553677     
          31          32   1.0087195215599398     
          31          33   1.0073836828545089     
          30          34  0.97418445855137770     
          34          35   1.2900616242700320     
          35          36  0.92699654907885498     
          36          37  0.97759162065124128     
          37          38   1.0011830504112922     
          38          39  0.98657773021969519     
          39          40   1.2208327957059226     
          40          41   1.0201778760030538     
          41          42   2.7564908525049958     
          42          43   1.0170105396062985     
          43          44  0.96989818069388067     
          44          45   1.0134452618099983     
          44          46   1.0167882188359416     
          43          47  0.97623184409345343     
          43          48  0.96217633302001437     
          39          49  0.19725963714887618     
          40          49   1.6386135715501573     
          39          50  0.99762555966265198     
          36          51  0.97430358296761521     
          50          51  0.99552948288704290     
          34          52  0.20190865904114771     
          35          52   1.6337388925085850     
          34          53  0.99264240319951313     
          28          54  0.19584179524159456     
          29          54   1.6230424163962254     
          27          55  0.99108627858790344     
          55          56  0.98716183276160696     
          56          57  0.98477833848616825     
          57          58   1.0016787490021126     
          58          59  0.97950835820983939     
          59          60  0.99607813258795630     
          56          61  0.97200991217637545     
          60          61  0.98143943260596533     
          25          62  0.20520663475946249     
          26          62   1.6602940861295759     
          25          63  0.97386476962320412     
          63          64  0.99621686036884349     
          23          65  0.99205266172745166     
          64          65   1.0081244407388439     
          21          66  0.18168767604303376     
          22          66   1.7489339191952760     
          15          67   1.2112416433072053     
          12          68   1.1669159123284893     
          67          68   1.2427284106530343     
          68          69   1.3275341706410286     
          69          70   1.5053219686238541     
          58          71   1.0333456307954323     
          70          71   1.3187202518546406     
          67          72   1.3233450576328898     
          69          72  0.10576302030651445     
          71          72   1.4520376400891195     
          36          73  0.90511592956912001     
           1          74  0.97908795495814571     
           1          75  0.98435682457898288     
           1          76  0.98520917876990755     
           2          77  0.93973430528122137     
           4          78  0.97581036513950581     
           4          79  0.97942599851825662     
           4          80  0.97640010766302876     
           7          81  0.96319074000635208     
           8          82  0.96924981947385203     
           9          83  0.96631703166724314     
          13          84  0.96780396856045214     
          13          85  0.96747481628466969     
          14          86  0.98095732517581924     
          14          87  0.98466305443759738     
          14          88  0.97905508833171240     
          16          89  0.96649214522632421     
          16          90  0.96819669671068909     
          18          91  0.98417320971117350     
          18          92  0.98551092947495378     
          18          93  0.98362959641849079     
          19          94  0.98444951609341080     
          19          95  0.98464134903902489     
          19          96  0.97466906139067366     
          20          97  0.96552705551770868     
          20          98  0.96252302815606827     
          23          99  0.93756620353032016     
          24         100  0.89497161631543176     
          27         101  0.94512831353222837     
          28         102  0.92115989716200830     
          30         103  0.94380049707771774     
          31         104  0.96574304754476104     
          32         105  0.98303437874181565     
          32         106  0.98388808163543084     
          32         107  0.98479498357408868     
          33         108  0.98460637554451202     
          33         109  0.98582579994727249     
          33         110  0.98392543347786932     
          37         111  0.97240800191364307     
          37         112  0.97018789939389405     
          38         113  0.96339446949533991     
          38         114  0.96313787409339024     
          45         115  0.97733059962140645     
          45         116  0.98100953636854782     
          45         117  0.97387567565954780     
          46         118  0.97204826929725463     
          46         119  0.98046664020643437     
          46         120  0.97987854288743081     
          47         121  0.98395192616088922     
          47         122  0.98123650926009642     
          47         123  0.98304131669008832     
          48         124  0.98544703743866124     
          48         125  0.98460356987714848     
          48         126  0.98081330244339104     
          50         127  0.96354712492525851     
          50         128  0.96139920976532212     
          51         129  0.97221591387097139     
          51         130  0.96696620771321540     
          53         131  0.97114927698240439     
          53         132  0.97459086872075429     
          53         133  0.96871106790243711     
          55         134  0.96681423893811469     
          55         135  0.97432218567989681     
          56         136  0.95734871178235514     
          57         137  0.97148001052412225     
          57         138  0.95169472771368846     
          59         139  0.97170796837029960     
          59         140  0.95848729795084808     
          60         141  0.96639729527315010     
          60         142  0.96996061408997503     
          63         143  0.96608903727179229     
          63         144  0.96928398285278683     
          64         145  0.97736715358818094     
          64         146  0.97435845781737185     
          65         147  0.97416151677833296     
          65         148  0.97380923246250495     
          69         149  0.96635855760595268     
          70         150  0.96899850847186819     
          72         151  0.95685955606825113     
