   -0.11804870
    0.10973322
   -0.31756342
    0.04411070
    0.08602966
   -0.23711427
    0.05732713
   -0.04354115
   -0.01464772
    0.00714245
    0.02607470
   -0.02667488
   -0.00198978
   -0.10930724
   -0.03972060
   -0.07236147
    0.02276752
   -0.10670273
   -0.11220913
    0.06477218
   -0.25726962
    0.35297140
    0.02671870
   -0.19585560
   -0.02329351
    0.24168041
    0.02589267
   -0.16385480
    0.27225471
    0.01045998
   -0.01473206
   -0.11112211
   -0.11246521
   -0.07314651
    0.24848859
    0.15231856
   -0.06964250
    0.00233102
   -0.09407379
    0.29041500
   -0.07681805
   -0.02573794
    0.10256657
   -0.17254218
   -0.03291197
   -0.03080439
   -0.10700512
   -0.10820301
   -0.45556896
    0.00263550
   -0.06374412
   -0.46489047
   -0.05698724
   -0.46165805
   -0.07257072
    0.11069852
    0.01007770
   -0.16638220
   -0.00008047
    0.07880922
   -0.31865651
   -0.43776140
   -0.01010443
   -0.06262239
   -0.06623427
   -0.40301800
   -0.02875431
    0.03363601
   -0.04660898
   -0.05924713
    0.04703639
   -0.07339058
   -0.27189341
    0.07423739
    0.03906998
    0.04002338
    0.03824998
    0.05273351
    0.02735666
    0.03001868
    0.03882563
    0.03654560
    0.03528471
    0.04404769
    0.07606045
    0.03723484
    0.04146186
    0.04703941
    0.04452942
    0.05711175
    0.04538679
    0.04061994
    0.03802432
    0.04265980
    0.04163331
    0.03463854
    0.05802164
    0.06467424
    0.02577941
    0.18784490
    0.06387410
    0.20371830
    0.07696569
    0.04826216
    0.04339800
    0.04370765
    0.04251560
    0.04092574
    0.04170218
    0.04996877
    0.05947983
    0.05685547
    0.09261674
    0.04795325
    0.04377847
    0.01408260
    0.03871216
    0.04300465
    0.03979814
    0.00602332
    0.04321891
    0.05359992
    0.03934407
    0.04458560
    0.04473569
    0.05135192
    0.05157831
    0.05476276
    0.05954986
    0.06546050
    0.07835868
    0.06140758
    0.07493470
    0.08192830
    0.04622171
    0.02339520
    0.03514103
    0.02669360
    0.03473463
    0.04953605
    0.02350922
    0.05168522
    0.07890634
    0.06498724
    0.04213328
    0.04938432
    0.06363495
    0.05544961
    0.02805590
    0.02007302
    0.02776985
