           1           2  0.98249841005763028     
           2           3  0.96339122567328328     
           3           4  0.99977396105645500     
           2           5  0.98232621583954360     
           5           6   1.4145210926502483     
           6           7   1.4426855164004779     
           5           8  0.10807987048606169     
           7           8   1.4170789922994729     
           8           9   1.4493585233072828     
           5          10   1.3626878672900335     
           7          10  0.11152575210480423     
           9          10   1.3957292920808702     
          10          11   1.0185320733696057     
          11          12   1.1689919423502002     
          12          13  0.99306470418555060     
          13          14   1.0061180095239328     
          11          15   1.5118365736430368     
          15          16   1.0180844594427627     
          16          17  0.96838333278982636     
          17          18  0.99886952775289362     
          17          19  0.99730222559536752     
          17          20  0.97019216919253382     
          20          21  0.92670554000717031     
          21          22   1.1601565385123140     
          22          23  0.93981339377852313     
          23          24  0.98748477287533276     
          24          25   1.0053716596450033     
          25          26   1.2548475699929094     
          26          27  0.92031116106531230     
          27          28  0.97485455944850874     
          28          29   1.2960016842119777     
          29          30  0.93474131980279651     
          30          31  0.96708380529684190     
          31          32   1.0071005834633147     
          31          33   1.0067731545832175     
          30          34  0.96423322045845028     
          34          35   1.2926687636265899     
          35          36  0.92633552870324309     
          36          37  0.97441106982196057     
          37          38  0.99227027374541654     
          38          39  0.98896054527894139     
          39          40   1.2267778938569340     
          40          41   1.0250498664035008     
          41          42   2.7542505214628359     
          42          43   1.0130719221373006     
          43          44  0.96335114052690751     
          44          45   1.0138161969201942     
          44          46   1.0166192386997954     
          43          47  0.97335479525355695     
          43          48  0.97669432533071610     
          39          49  0.19143457333870634     
          40          49   1.6193190500451946     
          39          50  0.99619573627499225     
          36          51  0.98291922755776640     
          50          51  0.99612817881619453     
          34          52  0.20133548482189176     
          35          52   1.6260876427870941     
          34          53  0.99472049470496160     
          28          54  0.19858225199509175     
          29          54   1.6333516798459062     
          27          55  0.99170078072783319     
          55          56  0.98626668033462606     
          56          57  0.98300041166996521     
          57          58   1.0025325424432714     
          58          59  0.98464747648282946     
          59          60  0.99480534430034728     
          56          61  0.97529732413449910     
          60          61  0.98446760339167005     
          25          62  0.20312599842712481     
          26          62   1.6651823492391853     
          25          63  0.97327635280211511     
          63          64  0.99628300515421708     
          23          65  0.99126681767603930     
          64          65   1.0083776648960552     
          21          66  0.18053317300448457     
          22          66   1.7497806146109767     
          15          67   1.2125923953775410     
          12          68   1.1709707895623958     
          67          68   1.2427391780433223     
          68          69   1.3257167922194173     
          69          70   1.5095269334520685     
          58          71   1.0516489343909519     
          70          71   1.3086043466409114     
          67          72   1.3158816392614174     
          69          72  0.10349607702283382     
          71          72   1.4393867116983419     
          36          73  0.90036374671593422     
           1          74  0.97435442530072358     
           1          75  0.98506080075960956     
           1          76  0.98285618525421370     
           2          77  0.95765526353255070     
           4          78  0.97797593132910188     
           4          79  0.97632983819373342     
           4          80  0.97541906539212020     
           7          81  0.96335688371130701     
           8          82  0.96933335446389657     
           9          83  0.96502830141168738     
          13          84  0.96956601087621619     
          13          85  0.96029477657986040     
          14          86  0.98519081492311944     
          14          87  0.98557149227065033     
          14          88  0.98532365305242409     
          16          89  0.96785267502035788     
          16          90  0.96326299885376743     
          18          91  0.98353466759570063     
          18          92  0.98489062479218559     
          18          93  0.98532243018650645     
          19          94  0.98432822483520410     
          19          95  0.98419457637642138     
          19          96  0.98187186611650668     
          20          97  0.96588377662847169     
          20          98  0.96195178675350479     
          23          99  0.93624682650690949     
          24         100  0.90940634236269091     
          27         101  0.94426648921870449     
          28         102  0.92492898420484193     
          30         103  0.94922285755514946     
          31         104  0.96423426883089636     
          32         105  0.98518221393714522     
          32         106  0.98558816977361563     
          32         107  0.98300989865978172     
          33         108  0.98426323756008283     
          33         109  0.98557511962082822     
          33         110  0.98435872184830497     
          37         111  0.96236204776371981     
          37         112  0.96572185429480939     
          38         113  0.95805670135411480     
          38         114  0.96566958304977224     
          45         115  0.97965803404818719     
          45         116  0.97497121948057641     
          45         117  0.98114882686930283     
          46         118  0.97923523861219364     
          46         119  0.98063595880159671     
          46         120  0.97187224826254737     
          47         121  0.98353128202314033     
          47         122  0.98226392254751760     
          47         123  0.98362240917499999     
          48         124  0.98389906585112485     
          48         125  0.98355954350909047     
          48         126  0.98291200197617024     
          50         127  0.96186047525542495     
          50         128  0.96426287585556558     
          51         129  0.97223439777555254     
          51         130  0.96876741110540909     
          53         131  0.96622775554353368     
          53         132  0.97087710776433944     
          53         133  0.97149045392299371     
          55         134  0.96678672073985372     
          55         135  0.97451166417600654     
          56         136  0.95698933980089651     
          57         137  0.96943131828674811     
          57         138  0.95659151521776642     
          59         139  0.97086239705365840     
          59         140  0.95285124155288115     
          60         141  0.96596914922059396     
          60         142  0.97012295748018174     
          63         143  0.96609675751012769     
          63         144  0.96959681396738184     
          64         145  0.97725916587163431     
          64         146  0.97434515527399479     
          65         147  0.97411604188055190     
          65         148  0.97354184995861748     
          69         149  0.96638191292935560     
          70         150  0.96765016331239539     
          72         151  0.95952297026731004     
