   -0.11330352
    0.11051912
   -0.31755200
    0.04575517
    0.08496851
   -0.23800794
    0.05794464
   -0.04341926
   -0.01405112
    0.00654836
    0.02555321
   -0.03681465
   -0.00410118
   -0.10890303
   -0.04037306
   -0.07011906
    0.02285008
   -0.11200392
   -0.10732871
    0.06553167
   -0.25694066
    0.35274265
    0.02707550
   -0.19814992
   -0.02255897
    0.24201088
    0.02620037
   -0.16853954
    0.27039436
    0.00658016
   -0.01412985
   -0.10884614
   -0.11433362
   -0.07159105
    0.24875780
    0.15330043
   -0.06372476
    0.00569404
   -0.09444965
    0.28898582
   -0.07689387
   -0.02514191
    0.10233798
   -0.17425816
   -0.03242892
   -0.03152819
   -0.10892498
   -0.10866025
   -0.45983446
    0.00480709
   -0.06480736
   -0.46532091
   -0.05048420
   -0.45825092
   -0.07301310
    0.11037801
    0.00939345
   -0.17020395
    0.00256674
    0.07848723
   -0.32443947
   -0.43732973
   -0.01025263
   -0.06262798
   -0.06631699
   -0.40356509
   -0.02947138
    0.02801413
   -0.04938114
   -0.05803550
    0.04814802
   -0.07207878
   -0.27017374
    0.04003803
    0.05912771
    0.04457117
    0.03950774
    0.05662779
    0.02693019
    0.02855265
    0.03951078
    0.03741281
    0.03695221
    0.04242183
    0.08164913
    0.03638369
    0.04329641
    0.04806097
    0.04513128
    0.05379893
    0.04210738
    0.04180984
    0.03479938
    0.04727692
    0.04047250
    0.03741768
    0.05791060
    0.06421109
    0.02632788
    0.19056585
    0.06286308
    0.20636257
    0.08316155
    0.04381633
    0.04361293
    0.04487365
    0.03949075
    0.04978919
    0.04186678
    0.04217093
    0.05653960
    0.06943285
    0.04949085
    0.05201873
    0.00862586
    0.03911086
    0.04372821
    0.03893930
    0.00814553
    0.04422477
    0.04347130
    0.04671741
    0.05258136
    0.04266864
    0.05298115
    0.04684891
    0.05640675
    0.08286915
    0.05704881
    0.05899452
    0.08597107
    0.05709746
    0.06530541
    0.08124352
    0.04668542
    0.02519322
    0.03517966
    0.02462216
    0.04022818
    0.04120376
    0.02559708
    0.05326042
    0.07884282
    0.06465824
    0.04225663
    0.04927846
    0.06276131
    0.05613289
    0.03328889
    0.02638751
    0.03020096
