           1           2  0.97995247257393636     
           2           3  0.96803712224655791     
           3           4  0.99824427876736177     
           2           5  0.98294078528462425     
           5           6   1.4110088047152856     
           6           7   1.4452708646398300     
           5           8  0.10790966117501269     
           7           8   1.4151623268302074     
           8           9   1.4512761297328602     
           5          10   1.3658984612428022     
           7          10  0.11124005853998056     
           9          10   1.3937466272699606     
          10          11   1.0167552175326235     
          11          12   1.1673333926453084     
          12          13  0.99111708794281039     
          13          14   1.0063384629954981     
          11          15   1.5147681165740636     
          15          16   1.0174501763840158     
          16          17  0.96881208633340399     
          17          18  0.99694177114440963     
          17          19  0.99868559365571707     
          17          20  0.97117819906388925     
          20          21  0.92695860207378544     
          21          22   1.1591962914319296     
          22          23  0.94043433205584581     
          23          24  0.98875615937632910     
          24          25   1.0051806330388229     
          25          26   1.2558634919483902     
          26          27  0.92158454602481665     
          27          28  0.97419014666691350     
          28          29   1.2936934899548702     
          29          30  0.93811617174558537     
          30          31  0.95909605186985170     
          31          32   1.0074911990866244     
          31          33   1.0080495188643375     
          30          34  0.97157143537040735     
          34          35   1.2931208415712032     
          35          36  0.92896397170619871     
          36          37  0.98154589303688000     
          37          38  0.99748819399317412     
          38          39  0.99560978907155784     
          39          40   1.2306835620721563     
          40          41   1.0267357249886215     
          41          42   2.7505884963970835     
          42          43   1.0143163965312294     
          43          44  0.96382566296793604     
          44          45   1.0156625279885207     
          44          46   1.0157833872287749     
          43          47  0.97474973776980978     
          43          48  0.97290186047617710     
          39          49  0.19439014961113388     
          40          49   1.6152988853937327     
          39          50  0.98703107197006945     
          36          51  0.96897113738892460     
          50          51  0.99737209581883157     
          34          52  0.20111346974681832     
          35          52   1.6246607436604075     
          34          53  0.99281800236545359     
          28          54  0.19827537691904445     
          29          54   1.6325918674687201     
          27          55  0.99150834545972832     
          55          56  0.98706347956465301     
          56          57  0.98363151624249279     
          57          58   1.0025572411574089     
          58          59  0.98366776617995477     
          59          60  0.99592374980042775     
          56          61  0.97291474281046719     
          60          61  0.98177197614514755     
          25          62  0.20432018810820790     
          26          62   1.6648565632917858     
          25          63  0.97378381062905095     
          63          64  0.99624772544188966     
          23          65  0.99079398563703402     
          64          65   1.0083422898766095     
          21          66  0.17986729657978007     
          22          66   1.7493665653426473     
          15          67   1.2117290464331807     
          12          68   1.1661005750975841     
          67          68   1.2432116524810479     
          68          69   1.3265424444084557     
          69          70   1.5084043027874177     
          58          71   1.0448136774633106     
          70          71   1.3106882613099315     
          67          72   1.3194508340285722     
          69          72  0.10474140521084040     
          71          72   1.4453279819110842     
          36          73  0.90531636627746437     
           1          74  0.98251233651521641     
           1          75  0.98083714255558796     
           1          76  0.98512446592474401     
           2          77  0.95633187251485108     
           4          78  0.97555244771637417     
           4          79  0.97554609963261063     
           4          80  0.97545318325920272     
           7          81  0.96327843846766925     
           8          82  0.96924984604098463     
           9          83  0.96556601728806235     
          13          84  0.96937007691873411     
          13          85  0.95855792481177571     
          14          86  0.98566628256896760     
          14          87  0.98529830911723515     
          14          88  0.98501370952766132     
          16          89  0.96740643893385247     
          16          90  0.96483723307267322     
          18          91  0.98446627191218283     
          18          92  0.98389502727540001     
          18          93  0.98267976635128207     
          19          94  0.98333311811288515     
          19          95  0.98502773199485061     
          19          96  0.98533666587549518     
          20          97  0.96571060746862281     
          20          98  0.96267891394783445     
          23          99  0.93474693416239674     
          24         100  0.90519485261612265     
          27         101  0.94388517665600125     
          28         102  0.92136657666479105     
          30         103  0.94504093291740143     
          31         104  0.96492661891830145     
          32         105  0.98470741337830958     
          32         106  0.98571893181233627     
          32         107  0.98473315952735896     
          33         108  0.98395992416631806     
          33         109  0.98435126519119465     
          33         110  0.98541344003163656     
          37         111  0.97283872207425404     
          37         112  0.97099516947541276     
          38         113  0.96365578262974028     
          38         114  0.96048492622473614     
          45         115  0.97309650984436713     
          45         116  0.98094594116853084     
          45         117  0.97951820942944234     
          46         118  0.98095424859125013     
          46         119  0.97254994307200426     
          46         120  0.97937389966424315     
          47         121  0.98366780062789394     
          47         122  0.98377786111786469     
          47         123  0.98257420388728200     
          48         124  0.98378182731554098     
          48         125  0.98213185001036862     
          48         126  0.98382745672864269     
          50         127  0.95964491524490358     
          50         128  0.95794833305015303     
          51         129  0.96869432511888964     
          51         130  0.96493496602982143     
          53         131  0.96989328080736281     
          53         132  0.97233595093352387     
          53         133  0.96935327907376667     
          55         134  0.96714285920150944     
          55         135  0.97443927261836416     
          56         136  0.95719292156459546     
          57         137  0.97061961629087867     
          57         138  0.95440246654406158     
          59         139  0.97016918438716226     
          59         140  0.95726429530031709     
          60         141  0.96630195975856292     
          60         142  0.96985109403489589     
          63         143  0.96611348327188751     
          63         144  0.96949892734001775     
          64         145  0.97725987318012397     
          64         146  0.97436623626045082     
          65         147  0.97430455022256424     
          65         148  0.97342284785634570     
          69         149  0.96610950643985194     
          70         150  0.96782318320960681     
          72         151  0.95893936179608341     
