   -0.11789941
    0.11594389
   -0.31514585
    0.04477676
    0.08723598
   -0.21765694
    0.05670116
   -0.04320083
   -0.01689319
   -0.00054294
    0.02031656
   -0.04798451
    0.00678223
   -0.11012230
   -0.03687147
   -0.06864725
    0.02252453
   -0.11321542
   -0.10838862
    0.06704319
   -0.24837841
    0.35245545
    0.01968570
   -0.19400288
   -0.02264707
    0.25959373
    0.02462073
   -0.15771505
    0.27081779
   -0.00062945
   -0.01075954
   -0.10920512
   -0.11125216
   -0.08015905
    0.24923771
    0.15344691
   -0.06408462
    0.00258570
   -0.09527467
    0.29068077
   -0.07352075
   -0.01414480
    0.10095080
   -0.17121301
   -0.02934172
   -0.03133140
   -0.10490012
   -0.10952177
   -0.43866452
   -0.00034131
   -0.06783976
   -0.46027876
   -0.04830136
   -0.44501081
   -0.06968886
    0.11100376
    0.00079728
   -0.14933941
    0.00448475
    0.07517764
   -0.31982798
   -0.43004160
   -0.00919324
   -0.06198123
   -0.06117735
   -0.40896928
   -0.02527045
    0.02384511
   -0.05308871
   -0.05847478
    0.05041434
   -0.07106606
   -0.27186870
    0.04028591
    0.06913493
    0.04393286
    0.01497224
    0.02742848
    0.05670965
    0.02970408
    0.04267078
    0.03870003
    0.03882857
    0.04733270
    0.04118858
    0.04997795
    0.04474803
    0.04345841
    0.05469535
    0.04844632
    0.03769125
    0.04694203
    0.03920965
    0.03756348
    0.03875443
    0.04315166
    0.06041558
    0.06038733
    0.05206947
    0.17450081
    0.08029610
    0.19591067
    0.08574603
    0.04885011
    0.03222106
    0.04319562
    0.04239837
    0.04318214
    0.05133293
    0.03966434
    0.04830609
    0.06006507
    0.05063614
    0.08147200
    0.03725519
    0.00728028
    0.04055336
    0.04222867
    0.03793289
    0.01176705
    0.03999907
    0.04077139
    0.03323441
    0.04861157
    0.05534910
    0.04124425
    0.05354355
    0.05503591
    0.07339135
    0.05844638
    0.05944274
    0.06527220
    0.07390710
    0.06854484
    0.04997888
    0.02502556
    0.04018752
    0.02670858
    0.04466050
    0.02517772
    0.02363905
    0.06150358
    0.08181620
    0.04937739
    0.04497565
    0.04760953
    0.05119489
    0.03929406
    0.02255656
    0.02606716
    0.03419068
