           1           2  0.99979300265361970     
           2           3  0.96260819402072373     
           3           4  0.99748720979525807     
           2           5  0.97519869842090900     
           5           6   1.4316330024487212     
           6           7   1.4349532932648130     
           5           8  0.11125665149877099     
           7           8   1.4260633932408970     
           8           9   1.4391596112530201     
           5          10   1.3534269803060854     
           7          10  0.11319915276476519     
           9          10   1.4130937298983726     
          10          11   1.0136324489457922     
          11          12   1.1569937029228041     
          12          13  0.99636460397243376     
          13          14   1.0052064110821248     
          11          15   1.5260471041763457     
          15          16   1.0186761964390927     
          16          17  0.96658848638713979     
          17          18  0.99750477830447459     
          17          19  0.99806598640115729     
          17          20  0.97703498626720342     
          20          21  0.92497827021127677     
          21          22   1.1689819467882481     
          22          23  0.94034629078198551     
          23          24  0.99025084493368420     
          24          25   1.0070398982888267     
          25          26   1.2421182051682746     
          26          27  0.92659041714364621     
          27          28  0.98376386754470613     
          28          29   1.2845445460431995     
          29          30  0.92557766127743568     
          30          31  0.97716766069447947     
          31          32   1.0086399150630287     
          31          33   1.0061014752267345     
          30          34  0.95682030839223720     
          34          35   1.2916214386501146     
          35          36  0.92483859271415680     
          36          37  0.97068003404899983     
          37          38  0.99280276269176471     
          38          39  0.99274379441994232     
          39          40   1.2133399888589151     
          40          41   1.0232292805766323     
          41          42   2.7589999653735164     
          42          43   1.0204709389311395     
          43          44  0.97083642172264306     
          44          45   1.0182973494297147     
          44          46   1.0167162109195285     
          43          47  0.96041147439732577     
          43          48  0.97251876187443798     
          39          49  0.19519822503823908     
          40          49   1.6422052597872467     
          39          50  0.99692129623283154     
          36          51  0.98258013819805623     
          50          51  0.99491455255995631     
          34          52  0.20239394613351558     
          35          52   1.6335180918173464     
          34          53  0.99345847207520654     
          28          54  0.20423360309435423     
          29          54   1.6676490823949739     
          27          55  0.98865041378757734     
          55          56  0.98843617321443888     
          56          57  0.97915867076878738     
          57          58   1.0048116802912272     
          58          59  0.99187386530332211     
          59          60  0.99412688405105132     
          56          61  0.97627382357607850     
          60          61  0.98445145944517920     
          25          62  0.19845785103011834     
          26          62   1.6828368961112499     
          25          63  0.97569509464548365     
          63          64   1.0004970840733576     
          23          65  0.96568842374440278     
          64          65   1.0059768706571652     
          21          66  0.18404667286064330     
          22          66   1.7408182301961102     
          15          67   1.2062064997034754     
          12          68   1.1550139195992948     
          67          68   1.2471219550456472     
          68          69   1.3294978369720576     
          69          70   1.5078302900981826     
          58          71   1.0686358342898969     
          70          71   1.3039857150031255     
          67          72   1.3237362224410483     
          69          72  0.10378410339866645     
          71          72   1.4348936622045683     
          36          73  0.90324161392487157     
           1          74  0.98366464920295538     
           1          75  0.98307233852513454     
           1          76  0.98482873512276625     
           2          77  0.95226711475787584     
           4          78  0.97548695058371526     
           4          79  0.97850976270257550     
           4          80  0.97663343155290339     
           7          81  0.96319803397610682     
           8          82  0.96945289470645135     
           9          83  0.96636078632946254     
          13          84  0.96876799117539802     
          13          85  0.96967563318202088     
          14          86  0.98606123980202365     
          14          87  0.98510837631124670     
          14          88  0.98608591171837157     
          16          89  0.96719664571821995     
          16          90  0.96669511433179567     
          18          91  0.98310493612199057     
          18          92  0.98260732425424702     
          18          93  0.98500580192172238     
          19          94  0.98512221755288465     
          19          95  0.98490363513716261     
          19          96  0.98526785159845920     
          20          97  0.96050119339000917     
          20          98  0.96506687109511002     
          23          99  0.96213383847703582     
          24         100  0.93285743058796511     
          27         101  0.94073084132223617     
          28         102  0.92644032331868875     
          30         103  0.94274652443175277     
          31         104  0.96166710845294068     
          32         105  0.98595042725092752     
          32         106  0.98540470397827229     
          32         107  0.98615126718821178     
          33         108  0.98552334538377839     
          33         109  0.98421998412964329     
          33         110  0.98613902337944848     
          37         111  0.97112117307599599     
          37         112  0.97301372094854410     
          38         113  0.96672650843696595     
          38         114  0.96326590835420922     
          45         115  0.97643859636441122     
          45         116  0.97189179374820511     
          45         117  0.98079473831959352     
          46         118  0.97941515725466899     
          46         119  0.98021435604925278     
          46         120  0.97302004315097135     
          47         121  0.98545546064544864     
          47         122  0.98140545204918206     
          47         123  0.98510482420860401     
          48         124  0.98399509192802215     
          48         125  0.98496479201102582     
          48         126  0.98003596653912517     
          50         127  0.96549399202305575     
          50         128  0.96195151208994689     
          51         129  0.96932845132030487     
          51         130  0.97084471935725747     
          53         131  0.97550556568310287     
          53         132  0.97332900871741157     
          53         133  0.97547482267500629     
          55         134  0.96944569943715397     
          55         135  0.97191667256361947     
          56         136  0.95682606793080716     
          57         137  0.97029729191544556     
          57         138  0.95758045363168987     
          59         139  0.96881577185304368     
          59         140  0.96383772579813898     
          60         141  0.96622613700158222     
          60         142  0.96582042017737368     
          63         143  0.96348605828236855     
          63         144  0.96561676474060654     
          64         145  0.97697749705211689     
          64         146  0.97349257033816849     
          65         147  0.97483918861522056     
          65         148  0.97555956031212920     
          69         149  0.96674087880857906     
          70         150  0.96670346734192969     
          72         151  0.95993628452929647     
