   -0.11585521
    0.11479355
   -0.31578463
    0.04466142
    0.08613243
   -0.21562457
    0.05602457
   -0.04182396
   -0.01234916
    0.00118390
    0.03162629
   -0.03252257
    0.00459646
   -0.11256162
   -0.04629738
   -0.06749405
    0.02279477
   -0.10602700
   -0.12101693
    0.06543594
   -0.25701804
    0.35318359
    0.02613199
   -0.19508852
   -0.02145119
    0.24096327
    0.02638759
   -0.16397260
    0.27252628
    0.00998442
   -0.01491251
   -0.11145819
   -0.11393048
   -0.07197898
    0.24970326
    0.15267491
   -0.07096707
    0.00563844
   -0.09169804
    0.29111670
   -0.07396106
   -0.01497341
    0.10138380
   -0.17253652
   -0.03126273
   -0.02955595
   -0.10281250
   -0.10903744
   -0.45320825
   -0.00166985
   -0.06417461
   -0.46469132
   -0.05784541
   -0.46405646
   -0.07280319
    0.11048460
    0.00942897
   -0.16522509
   -0.00233582
    0.07875488
   -0.32035984
   -0.43974944
   -0.01039995
   -0.06243867
   -0.06629556
   -0.40034917
   -0.02721591
    0.03100861
   -0.05187540
   -0.05912414
    0.04923167
   -0.07215254
   -0.27011563
    0.07072677
    0.03935891
    0.03651682
    0.01715284
    0.03145185
    0.02206638
    0.05855720
    0.03972431
    0.03704513
    0.04721534
    0.04827066
    0.06090954
    0.04324514
    0.04167777
    0.04693142
    0.04565840
    0.03447992
    0.04385334
    0.04174390
    0.03578720
    0.05971484
    0.04360375
    0.03530876
    0.06219883
    0.06175759
    0.02357718
    0.18614992
    0.06299401
    0.20408071
    0.07872451
    0.04664964
    0.04319715
    0.04367464
    0.04404579
    0.04294052
    0.04114391
    0.05078585
    0.06184322
    0.05757730
    0.07703410
    0.05050398
    0.01245209
    0.03857353
    0.04071220
    0.01033079
    0.04347611
    0.03787180
    0.03758217
    0.03909404
    0.03931691
    0.04459101
    0.05119090
    0.04051180
    0.05732330
    0.05775550
    0.06161498
    0.06544757
    0.07602230
    0.06247287
    0.07730490
    0.08153449
    0.04701268
    0.02422598
    0.03534767
    0.02825989
    0.03457463
    0.05489399
    0.02383188
    0.05111181
    0.07934919
    0.06549930
    0.04167182
    0.04963365
    0.06644488
    0.05282081
    0.02355065
    0.02320293
    0.02771622
