           1           2  0.99561186559042003     
           2           3  0.95909429997737561     
           3           4  0.99785788980439138     
           2           5  0.97501614165856654     
           5           6   1.4270005744223888     
           6           7   1.4400744722797651     
           5           8  0.10981974250163830     
           7           8   1.4191992347727214     
           8           9   1.4482015945688407     
           5          10   1.3573187100811932     
           7          10  0.10992405286359071     
           9          10   1.3975781629478632     
          10          11   1.0257889115751175     
          11          12   1.1642488616130282     
          12          13  0.99081837724871158     
          13          14   1.0086192835471743     
          11          15   1.5144410674004440     
          15          16   1.0171190400780670     
          16          17  0.96815592159883157     
          17          18  0.99836162633056325     
          17          19  0.99884149061812022     
          17          20  0.96957150785288693     
          20          21  0.92647589517215534     
          21          22   1.1616191435090639     
          22          23  0.93675070150322892     
          23          24  0.98412064517373621     
          24          25   1.0058353775879774     
          25          26   1.2579329861135689     
          26          27  0.92071090978214754     
          27          28  0.97531307235378129     
          28          29   1.2971643766079008     
          29          30  0.93513248605438126     
          30          31  0.96674617114721739     
          31          32   1.0066429408803965     
          31          33   1.0070608056019139     
          30          34  0.96534162633111764     
          34          35   1.2933443290906712     
          35          36  0.92541818131345488     
          36          37  0.97417311548197860     
          37          38  0.99327932592755441     
          38          39  0.99113395431550977     
          39          40   1.2265376645635810     
          40          41   1.0249026973397812     
          41          42   2.7588978763817531     
          42          43   1.0192955044844065     
          43          44  0.97196159936369331     
          44          45   1.0168512760773416     
          44          46   1.0160640661787586     
          43          47  0.96095190366713024     
          43          48  0.97291814771840124     
          39          49  0.19479247710351330     
          40          49   1.6250553463400390     
          39          50  0.99535674786558015     
          36          51  0.98348659481991441     
          50          51  0.99627276543089704     
          34          52  0.20190521314773896     
          35          52   1.6277932495813165     
          34          53  0.99464540187126338     
          28          54  0.19799943469741357     
          29          54   1.6322830301288602     
          27          55  0.99105770848524821     
          55          56  0.98690127530764971     
          56          57  0.98317667767148886     
          57          58   1.0023511834032433     
          58          59  0.98328086848732654     
          59          60  0.99483518873144694     
          56          61  0.97423528728375142     
          60          61  0.98406646397316289     
          25          62  0.20374191539241454     
          26          62   1.6609529144829578     
          25          63  0.97300962147826386     
          63          64  0.99642220998981768     
          23          65  0.99219329074395080     
          64          65   1.0084963909810796     
          21          66  0.18204508540545977     
          22          66   1.7531623188101497     
          15          67   1.2069658743492651     
          12          68   1.1658480165881044     
          67          68   1.2421842540617070     
          68          69   1.3307352544947890     
          69          70   1.5033556333421199     
          58          71   1.0533043345061419     
          70          71   1.3131712650084770     
          67          72   1.3238746511971045     
          69          72  0.10294056923618383     
          71          72   1.4364693405441029     
          36          73  0.90151265639734601     
           1          74  0.98204527166231492     
           1          75  0.98401233181590142     
           1          76  0.98391783978214908     
           2          77  0.95221026704693457     
           4          78  0.97638642636345141     
           4          79  0.97559537717377287     
           4          80  0.97825658930797610     
           7          81  0.96338424798140643     
           8          82  0.96940338393846193     
           9          83  0.96562871458861577     
          13          84  0.96983976580631304     
          13          85  0.96205831534425024     
          14          86  0.98155511613381652     
          14          87  0.98534245987779101     
          14          88  0.98261377820499274     
          16          89  0.96563502538619383     
          16          90  0.96790409976969682     
          18          91  0.98381092069288834     
          18          92  0.98383692138006984     
          18          93  0.98558689442282055     
          19          94  0.97256513528947697     
          19          95  0.98385241374386889     
          19          96  0.98437030454671015     
          20          97  0.96580836343365328     
          20          98  0.96310147503082089     
          23          99  0.94149182063512582     
          24         100  0.91026111118522413     
          27         101  0.94476151108346484     
          28         102  0.92412420724714517     
          30         103  0.94769308875927438     
          31         104  0.96425624467270044     
          32         105  0.98276581829831178     
          32         106  0.98521361058532131     
          32         107  0.98553315911310835     
          33         108  0.98427159044861368     
          33         109  0.98519073227253251     
          33         110  0.98396777612479758     
          37         111  0.96384659833368280     
          37         112  0.96681370952082324     
          38         113  0.96179606125298855     
          38         114  0.96602130143230358     
          45         115  0.97262309221511600     
          45         116  0.98039075802832565     
          45         117  0.97951305565818625     
          46         118  0.97233563911576182     
          46         119  0.97642175372490769     
          46         120  0.98095230386948096     
          47         121  0.98295752538141379     
          47         122  0.98159661965718081     
          47         123  0.98470052769550898     
          48         124  0.98000575716310101     
          48         125  0.98552759961750958     
          48         126  0.98490999007068869     
          50         127  0.96344556705484297     
          50         128  0.96377566846519214     
          51         129  0.97199709671872170     
          51         130  0.97019339123602699     
          53         131  0.96674578558930935     
          53         132  0.97058552327652736     
          53         133  0.97157411934942484     
          55         134  0.96678643378142270     
          55         135  0.97440675838118684     
          56         136  0.95680531999713636     
          57         137  0.96965640412223908     
          57         138  0.95644515448589451     
          59         139  0.97154908590466993     
          59         140  0.95460023832321728     
          60         141  0.96606906198829789     
          60         142  0.97020804535847882     
          63         143  0.96589637536280781     
          63         144  0.96938270596697662     
          64         145  0.97725563005568705     
          64         146  0.97420167343516895     
          65         147  0.97340506083915024     
          65         148  0.97402079975964373     
          69         149  0.96314220138081330     
          70         150  0.96782040790916291     
          72         151  0.95929174365950654     
