   -0.11755561
    0.11590821
   -0.31447701
    0.04492658
    0.08719836
   -0.21524272
    0.05682767
   -0.04312195
   -0.01665523
   -0.00237572
    0.01874452
   -0.04807269
    0.00695488
   -0.11013920
   -0.04104385
   -0.06767502
    0.02217057
   -0.10604717
   -0.11323450
    0.06524747
   -0.26234538
    0.35226634
    0.02605546
   -0.18422648
   -0.02093998
    0.23841549
    0.02506445
   -0.15693102
    0.27740740
    0.00166783
   -0.01211894
   -0.10915479
   -0.11143022
   -0.07179471
    0.24905583
    0.15309593
   -0.06394403
    0.00291072
   -0.09275127
    0.29002915
   -0.07342104
   -0.01473501
    0.10109456
   -0.17140776
   -0.03079403
   -0.03240357
   -0.10523075
   -0.10826871
   -0.44190568
   -0.00050989
   -0.06609500
   -0.45581064
   -0.04901449
   -0.45025579
   -0.06832481
    0.11685136
   -0.00976571
   -0.13409932
   -0.00447849
    0.08069701
   -0.32752171
   -0.44413810
   -0.01118259
   -0.06325766
   -0.06521834
   -0.38799721
   -0.02596021
    0.02205494
   -0.05255627
   -0.06131046
    0.05235913
   -0.07615762
   -0.27270815
    0.04055553
    0.07089905
    0.03939065
    0.01406815
    0.02634853
    0.05605802
    0.03061796
    0.04251725
    0.03851529
    0.03860822
    0.04638695
    0.04108547
    0.05061181
    0.04421222
    0.04338979
    0.05637173
    0.04074515
    0.02989802
    0.04636546
    0.04250835
    0.03757271
    0.04683124
    0.04055442
    0.06555062
    0.06027346
    0.02412114
    0.15209864
    0.07040795
    0.20172109
    0.08171104
    0.04577313
    0.03433621
    0.04354505
    0.04601111
    0.04630180
    0.03847168
    0.04479530
    0.04685791
    0.06070042
    0.05002644
    0.08117822
    0.03847823
    0.03937565
    0.01103260
    0.03793722
    0.01149676
    0.04929113
    0.04076149
    0.03923643
    0.03570912
    0.05257892
    0.03772053
    0.04321246
    0.05220155
    0.05719278
    0.07515903
    0.05566793
    0.05023088
    0.06823429
    0.08411610
    0.06418380
    0.03829715
    0.01790309
    0.03545314
    0.07296737
    0.04689823
    0.05193249
    0.01459167
    0.05298028
    0.08675892
    0.06577634
    0.04613511
    0.05340811
    0.07452895
    0.04680044
    0.02160929
    0.02446233
    0.02648959
