           1           2  0.99772720106778034     
           2           3  0.96191134286190949     
           3           4  0.99760230132983463     
           2           5  0.97523789706236785     
           5           6   1.4285299998978325     
           6           7   1.4396076556982611     
           5           8  0.11093023433494310     
           7           8   1.4211152137887353     
           8           9   1.4445508624001446     
           5          10   1.3571990667136995     
           7          10  0.11213426038248650     
           9          10   1.4055529199918133     
          10          11   1.0171366080560826     
          11          12   1.1596176392377902     
          12          13  0.99659478743466690     
          13          14   1.0053886592343901     
          11          15   1.5191375907577656     
          15          16   1.0187689528886861     
          16          17  0.96622327751926040     
          17          18  0.99864773660230088     
          17          19  0.99691154884800570     
          17          20  0.97263902183664885     
          20          21  0.92452721973459606     
          21          22   1.1554841736931218     
          22          23  0.93231070719833520     
          23          24  0.97395992479745341     
          24          25   1.0003649374062424     
          25          26   1.2637537598068915     
          26          27  0.93227271118965693     
          27          28  0.99568301279870930     
          28          29   1.2854016442291953     
          29          30  0.93151080748931703     
          30          31  0.96570529509864800     
          31          32   1.0086849862053437     
          31          33   1.0066571927680374     
          30          34  0.96475468261808084     
          34          35   1.2890347108069256     
          35          36  0.92428945266291829     
          36          37  0.97105399011991200     
          37          38  0.99474317031377868     
          38          39  0.99239129028361162     
          39          40   1.2187060048366505     
          40          41   1.0227183886395670     
          41          42   2.7589906597229223     
          42          43   1.0190732112641065     
          43          44  0.97336686623035040     
          44          45   1.0174593127201053     
          44          46   1.0147878661666097     
          43          47  0.95976225379237656     
          43          48  0.97372673545830879     
          39          49  0.19663813683640716     
          40          49   1.6377094261904575     
          39          50  0.99648263012478133     
          36          51  0.98205504500289087     
          50          51  0.99595890541845244     
          34          52  0.20325900112430498     
          35          52   1.6399535125475326     
          34          53  0.99412480574536954     
          28          54  0.20038228711171327     
          29          54   1.6581319308170674     
          27          55  0.97060296044391137     
          55          56  0.99005909634719502     
          56          57  0.97414820698773608     
          57          58   1.0011468950727131     
          58          59  0.99620978738652965     
          59          60  0.98383989429190244     
          56          61  0.97078323441075631     
          60          61  0.98562989074464025     
          25          62  0.20321976661192587     
          26          62   1.6454550330932223     
          25          63  0.97339667926604601     
          63          64  0.99968655137758977     
          23          65  0.98876915145924971     
          64          65   1.0077619844261936     
          21          66  0.18442168156069627     
          22          66   1.7657474464654064     
          15          67   1.2068778735494665     
          12          68   1.1511590758500696     
          67          68   1.2463186969020341     
          68          69   1.3302252396729590     
          69          70   1.5084407492827545     
          58          71   1.1019370583898007     
          70          71   1.2937969845480244     
          67          72   1.3269946776918058     
          69          72  0.10304152456279082     
          71          72   1.4127808463216467     
          36          73  0.90311518574467498     
           1          74  0.98331458424160412     
           1          75  0.98240382312849039     
           1          76  0.98538664774483209     
           2          77  0.95420430593054428     
           4          78  0.97563566558254766     
           4          79  0.97867511079489433     
           4          80  0.97629622606315192     
           7          81  0.96318674378552238     
           8          82  0.96941957793732425     
           9          83  0.96636575594730989     
          13          84  0.96871967909277434     
          13          85  0.97011586768995062     
          14          86  0.98568725576643790     
          14          87  0.98514813902054454     
          14          88  0.98539608989447092     
          16          89  0.96576029494728632     
          16          90  0.96775377498663917     
          18          91  0.98551546947217150     
          18          92  0.98397451090941535     
          18          93  0.98472650490328029     
          19          94  0.98382573195650180     
          19          95  0.98205826197158119     
          19          96  0.98490101746469172     
          20          97  0.96190803184161500     
          20          98  0.96559255574141034     
          23          99  0.95088035089883749     
          24         100  0.94001001814108864     
          27         101  0.94100427012476473     
          28         102  0.92224031993924427     
          30         103  0.94773595515033582     
          31         104  0.96227703312750124     
          32         105  0.98576710588220551     
          32         106  0.98477653213878924     
          32         107  0.98567524672399309     
          33         108  0.98508328221094499     
          33         109  0.98454767573429214     
          33         110  0.98565848798099032     
          37         111  0.97067396526707916     
          37         112  0.97290169822365802     
          38         113  0.96524747074272899     
          38         114  0.96305140804286316     
          45         115  0.98036851193655072     
          45         116  0.97968612842862890     
          45         117  0.97210693354137434     
          46         118  0.98101082077432178     
          46         119  0.97308653584452842     
          46         120  0.97654972870242385     
          47         121  0.98482950664541724     
          47         122  0.98122558903513191     
          47         123  0.98586232105746874     
          48         124  0.98532637616251539     
          48         125  0.98519108613197548     
          48         126  0.98065279072288492     
          50         127  0.96458172618767124     
          50         128  0.96231060327299789     
          51         129  0.96946886825615664     
          51         130  0.97142487916534337     
          53         131  0.97417397336390799     
          53         132  0.96869742024745609     
          53         133  0.97137794185238824     
          55         134  0.97108124801501172     
          55         135  0.96620129273192523     
          56         136  0.95294071072613751     
          57         137  0.96648221581074456     
          57         138  0.95705089157754286     
          59         139  0.96624146110763687     
          59         140  0.96514576919302975     
          60         141  0.96627681192942916     
          60         142  0.96650218163109081     
          63         143  0.96308378893833146     
          63         144  0.96580854036306119     
          64         145  0.97656664559664730     
          64         146  0.97331695400508245     
          65         147  0.97085175212642105     
          65         148  0.97470040372347955     
          69         149  0.96695870731075684     
          70         150  0.96423219207466371     
          72         151  0.95810707551425800     
