   -0.11798460
    0.10999180
   -0.31736550
    0.04407798
    0.08620366
   -0.23711781
    0.05733040
   -0.04359903
   -0.01470424
    0.00709642
    0.02643300
   -0.02642872
   -0.00099580
   -0.10930194
   -0.03967698
   -0.07261142
    0.02279129
   -0.11216377
   -0.10672780
    0.06503580
   -0.25768793
    0.35288095
    0.02680542
   -0.19595427
   -0.02320571
    0.24172261
    0.02609192
   -0.16439512
    0.27176502
    0.00939168
   -0.01455611
   -0.11083721
   -0.11278476
   -0.07268899
    0.24816789
    0.15248003
   -0.06428571
   -0.00014287
   -0.09141880
    0.28969202
   -0.07716220
   -0.02747392
    0.10281389
   -0.17333430
   -0.03242146
   -0.03259730
   -0.10737819
   -0.10922365
   -0.46014340
    0.00233681
   -0.06931558
   -0.46478912
   -0.05792046
   -0.46168546
   -0.07261361
    0.11061708
    0.01033161
   -0.16739765
    0.00032076
    0.07873096
   -0.31966982
   -0.43776410
   -0.01008587
   -0.06265226
   -0.06628947
   -0.40302265
   -0.02849316
    0.03385628
   -0.04633431
   -0.05945300
    0.04703079
   -0.07304964
   -0.27167076
    0.03855326
    0.03927244
    0.07518948
    0.03787192
    0.02976320
    0.05314736
    0.02737457
    0.03883753
    0.03651007
    0.03521235
    0.04423775
    0.07414495
    0.03744444
    0.04132602
    0.04696617
    0.04427662
    0.05779685
    0.04267435
    0.04181184
    0.03449775
    0.04601891
    0.04005721
    0.03803340
    0.05771318
    0.06455080
    0.02609521
    0.18815736
    0.06359043
    0.20464656
    0.07885146
    0.04765923
    0.04330443
    0.04391648
    0.04233577
    0.04099244
    0.04175762
    0.04987738
    0.06050974
    0.06633293
    0.05496311
    0.05580194
    0.01458867
    0.04051890
    0.03888016
    0.01897913
    0.03767689
    0.04113414
    0.04477840
    0.05343433
    0.04176259
    0.04184984
    0.05312169
    0.04071882
    0.04800893
    0.09284089
    0.05912432
    0.05666943
    0.07996742
    0.06062547
    0.07503506
    0.08165125
    0.04622121
    0.02393167
    0.03506262
    0.02538391
    0.03528370
    0.04852111
    0.02372999
    0.05251034
    0.07882869
    0.06490999
    0.04230463
    0.04935018
    0.06338931
    0.05575030
    0.02578567
    0.02231827
    0.02785793
