           1           2  0.98219909153468565     
           2           3  0.96370175970224548     
           3           4  0.99962603951664941     
           2           5  0.98253509658270022     
           5           6   1.4143295071497284     
           6           7   1.4428281911860894     
           5           8  0.10806358523506575     
           7           8   1.4170123456803743     
           8           9   1.4494042253568351     
           5          10   1.3627009735148847     
           7          10  0.11153248906559096     
           9          10   1.3956935652066087     
          10          11   1.0184640974531785     
          11          12   1.1688567808119785     
          12          13  0.99325992586298162     
          13          14   1.0061397795163884     
          11          15   1.5120234209608108     
          15          16   1.0179173109674162     
          16          17  0.96854786474288512     
          17          18  0.99725380168987487     
          17          19  0.99882253452790115     
          17          20  0.97026367871059493     
          20          21  0.92664054697813913     
          21          22   1.1595528310870968     
          22          23  0.94012939153707620     
          23          24  0.98789596324667528     
          24          25   1.0053003568828520     
          25          26   1.2550580076966718     
          26          27  0.92041695442048466     
          27          28  0.97459294455918544     
          28          29   1.2965040746146135     
          29          30  0.93524171144645640     
          30          31  0.96605417365562640     
          31          32   1.0071206433173838     
          31          33   1.0069041630814874     
          30          34  0.96498133305210521     
          34          35   1.2933263445492944     
          35          36  0.92625938248669015     
          36          37  0.98325113199571579     
          37          38  0.99651105253016115     
          38          39  0.99558518919604400     
          39          40   1.2341595513836789     
          40          41   1.0267608324559123     
          41          42   2.7516999562911977     
          42          43   1.0137067059205789     
          43          44  0.96431071311418781     
          44          45   1.0144320226016632     
          44          46   1.0133040199244590     
          43          47  0.97226842593223795     
          43          48  0.97671332781414399     
          39          49  0.19246586445961153     
          40          49   1.6104640012583937     
          39          50  0.98914504858506425     
          36          51  0.97392274758873321     
          50          51  0.99325883287940075     
          34          52  0.20160721828809353     
          35          52   1.6250057853108781     
          34          53  0.99466875888289630     
          28          54  0.19845460840751575     
          29          54   1.6321566792071418     
          27          55  0.99192786293759272     
          55          56  0.98660682566450175     
          56          57  0.98292123622314231     
          57          58   1.0027644916438923     
          58          59  0.98451986513670797     
          59          60  0.99495629834347588     
          56          61  0.97503131738997850     
          60          61  0.98385730915678971     
          25          62  0.20331171259558273     
          26          62   1.6651103284202009     
          25          63  0.97335924580673749     
          63          64  0.99629589167225263     
          23          65  0.99110432875168331     
          64          65   1.0083574969675637     
          21          66  0.18017966490752524     
          22          66   1.7497905582040767     
          15          67   1.2127623203006919     
          12          68   1.1712175392579331     
          67          68   1.2423344130605922     
          68          69   1.3259545995298543     
          69          70   1.5092056109383496     
          58          71   1.0498838691921062     
          70          71   1.3092322345209932     
          67          72   1.3165895150330571     
          69          72  0.10338014915819647     
          71          72   1.4400354263590849     
          36          73  0.90047718983905356     
           1          74  0.98516306308036050     
           1          75  0.98291430027028548     
           1          76  0.97395019567819852     
           2          77  0.95751496451922502     
           4          78  0.97541758817324919     
           4          79  0.97824526669807199     
           4          80  0.97611928752026178     
           7          81  0.96335075663662217     
           8          82  0.96933039853075453     
           9          83  0.96516882917181535     
          13          84  0.96958303209567065     
          13          85  0.96049291919587876     
          14          86  0.98524064956343904     
          14          87  0.98558361894997426     
          14          88  0.98527985518151073     
          16          89  0.96787395506931850     
          16          90  0.96291679028827404     
          18          91  0.98433257657852891     
          18          92  0.98412826527190322     
          18          93  0.98204726574467582     
          19          94  0.98341833187382310     
          19          95  0.98499492047377868     
          19          96  0.98530204973852442     
          20          97  0.96598100984933666     
          20          98  0.96218334545712692     
          23          99  0.93568665024778308     
          24         100  0.90884080407679224     
          27         101  0.94432737937561240     
          28         102  0.92412504555734820     
          30         103  0.94832596789667956     
          31         104  0.96442777450955197     
          32         105  0.98511958677135170     
          32         106  0.98558935017521088     
          32         107  0.98309189187540358     
          33         108  0.98429634581432124     
          33         109  0.98554695547501159     
          33         110  0.98432828897882452     
          37         111  0.97210080786857445     
          37         112  0.96931355526864771     
          38         113  0.96393001544197554     
          38         114  0.96376027819905385     
          45         115  0.97486383183506031     
          45         116  0.97982678303899562     
          45         117  0.98102989213638481     
          46         118  0.97468555820278735     
          46         119  0.98122216084056613     
          46         120  0.97987482734647469     
          47         121  0.98336599708393080     
          47         122  0.98214783474694467     
          47         123  0.98434184696173488     
          48         124  0.98424222118778126     
          48         125  0.98296954587599750     
          48         126  0.98393338910182615     
          50         127  0.96471083570433935     
          50         128  0.95814866271094790     
          51         129  0.96262578437208079     
          51         130  0.96627211063744611     
          53         131  0.96553875119560129     
          53         132  0.97066351613421842     
          53         133  0.97168469258903689     
          55         134  0.96688219200099734     
          55         135  0.97448603512257925     
          56         136  0.95691507496241712     
          57         137  0.96984492568997771     
          57         138  0.95633420396412772     
          59         139  0.97107093418511714     
          59         140  0.95285484425255107     
          60         141  0.96609932265240717     
          60         142  0.97005012519385447     
          63         143  0.96611346274831023     
          63         144  0.96957285601256626     
          64         145  0.97725173465059079     
          64         146  0.97436173922710978     
          65         147  0.97417562074266950     
          65         148  0.97348205600060156     
          69         149  0.96645318441927619     
          70         150  0.96809698667691113     
          72         151  0.95941600090645907     
