   -0.11574850
    0.11611995
   -0.31413996
    0.04333955
    0.08744637
   -0.21294980
    0.05668997
   -0.04316891
   -0.01869214
   -0.00257641
    0.01871702
   -0.04544294
    0.00358349
   -0.10983021
   -0.03846706
   -0.07071825
    0.02311357
   -0.11338755
   -0.11278611
    0.07574778
   -0.25039706
    0.35111240
    0.02848450
   -0.19609918
   -0.02105564
    0.24211436
    0.02835065
   -0.16628882
    0.27085847
    0.00360765
   -0.01212039
   -0.10997223
   -0.11111208
   -0.07990397
    0.25117716
    0.15529769
   -0.06345574
    0.00350772
   -0.09648459
    0.28895770
   -0.07577966
   -0.02618070
    0.10218117
   -0.17237563
   -0.03161327
   -0.03358594
   -0.10898111
   -0.10859033
   -0.44243777
    0.00168312
   -0.06653901
   -0.46533044
   -0.04807081
   -0.44459119
   -0.06822944
    0.11269852
    0.00837924
   -0.15629286
    0.00549381
    0.07781120
   -0.32310444
   -0.43693723
   -0.01077052
   -0.06184059
   -0.06469632
   -0.41165144
   -0.02437419
    0.02586834
   -0.05199666
   -0.05630231
    0.05326057
   -0.06242566
   -0.27063999
    0.04090239
    0.07050584
    0.03553153
    0.01444643
    0.02640520
    0.05693585
    0.03225589
    0.04253679
    0.03824457
    0.03747834
    0.04534104
    0.05046472
    0.04935410
    0.04108960
    0.04525479
    0.06136815
    0.04244933
    0.04686176
    0.03938002
    0.04522044
    0.03746935
    0.04641825
    0.03819638
    0.06001052
    0.04828986
    0.02785776
    0.19465036
    0.07060656
    0.20147508
    0.07999939
    0.05218982
    0.03540958
    0.04419283
    0.04126539
    0.04574994
    0.04666064
    0.03907667
    0.04849904
    0.06038214
    0.04977053
    0.08137451
    0.03964131
    0.04033807
    0.00911832
    0.04399025
    0.01648436
    0.03941534
    0.04471910
    0.04732969
    0.05068077
    0.04451852
    0.05350477
    0.03753948
    0.05207609
    0.05478303
    0.07139294
    0.05918982
    0.05882707
    0.06788516
    0.07776327
    0.06974026
    0.05085989
    0.02357807
    0.03185985
    0.02522174
    0.04367395
    0.03097825
    0.02295478
    0.05918366
    0.07970102
    0.06528928
    0.04117666
    0.04831624
    0.05811859
    0.04901332
    0.02435104
    0.02908846
    0.01865929
