           1           2  0.99474311079911004     
           2           3  0.96302149405110771     
           3           4  0.99639064792232479     
           2           5  0.97602502902653931     
           5           6   1.4255622001847983     
           6           7   1.4434240761776895     
           5           8  0.10996007538823691     
           7           8   1.4161122441223739     
           8           9   1.4494474640529411     
           5          10   1.3592544596698439     
           7          10  0.11070964975495362     
           9          10   1.3952075158635489     
          10          11   1.0257803769135549     
          11          12   1.1565616769511595     
          12          13  0.99562027683112342     
          13          14   1.0047348210150020     
          11          15   1.5134805991391287     
          15          16   1.0198206889079577     
          16          17  0.96457494243626007     
          17          18  0.99769372410747792     
          17          19  0.99820074981128137     
          17          20  0.98169120672294186     
          20          21  0.92573584723049984     
          21          22   1.1654107855511713     
          22          23  0.94254080264178641     
          23          24  0.99561384920666796     
          24          25   1.0070481037152519     
          25          26   1.2511007114117847     
          26          27  0.92125191933483996     
          27          28  0.98053253393989004     
          28          29   1.2888353632531115     
          29          30  0.92822918547255062     
          30          31  0.97818257135990738     
          31          32   1.0086217553221219     
          31          33   1.0057499838442097     
          30          34  0.95498050297046455     
          34          35   1.2917992718012388     
          35          36  0.92867077293423617     
          36          37  0.96800798242386943     
          37          38  0.99370370091465143     
          38          39  0.99304147431168166     
          39          40   1.2126014483809409     
          40          41   1.0236031867298732     
          41          42   2.7556053462510759     
          42          43   1.0130781512984075     
          43          44  0.96221592731867267     
          44          45   1.0164215127573384     
          44          46   1.0132762157387059     
          43          47  0.97733344821613599     
          43          48  0.97406812446535873     
          39          49  0.19526807589819026     
          40          49   1.6406695437125218     
          39          50  0.99710850134463824     
          36          51  0.98135278881909072     
          50          51  0.99537644223295774     
          34          52  0.19770554039826785     
          35          52   1.6275964130031713     
          34          53  0.99101178264008660     
          28          54  0.20180001795827801     
          29          54   1.6543025473139350     
          27          55  0.98934805462159026     
          55          56  0.99038912626790976     
          56          57  0.97918735953050473     
          57          58   1.0039688882524747     
          58          59  0.98816983762292498     
          59          60  0.99494708185293679     
          56          61  0.97562264123468434     
          60          61  0.98368218377100081     
          25          62  0.20215095088443535     
          26          62   1.6691684203565487     
          25          63  0.97479599315452592     
          63          64  0.99626553112443150     
          23          65  0.98631190360877541     
          64          65   1.0066331782528810     
          21          66  0.18048362921095756     
          22          66   1.7388565747157232     
          15          67   1.2108407974694493     
          12          68   1.1579594559012187     
          67          68   1.2463419791797596     
          68          69   1.3281320906288732     
          69          70   1.5106198760388587     
          58          71   1.0621457794331333     
          70          71   1.3043114994827700     
          67          72   1.3208430844458032     
          69          72  0.10348613183283707     
          71          72   1.4412881622250195     
          36          73  0.90484239525089882     
           1          74  0.98343551199781531     
           1          75  0.98232679663706568     
           1          76  0.98435586971889177     
           2          77  0.95440909562824572     
           4          78  0.97592575679631355     
           4          79  0.97868969785720727     
           4          80  0.97652970167453379     
           7          81  0.96317096570803029     
           8          82  0.96938549322778544     
           9          83  0.96803968894388315     
          13          84  0.96786606784708074     
          13          85  0.96871744735979948     
          14          86  0.98638981381958990     
          14          87  0.98552204269491650     
          14          88  0.98497607291096934     
          16          89  0.96236086800947696     
          16          90  0.96807604219323018     
          18          91  0.98428337795632581     
          18          92  0.98486130969162000     
          18          93  0.98485602350943302     
          19          94  0.98387170815802083     
          19          95  0.98247882610746373     
          19          96  0.98494827106157512     
          20          97  0.96285221005877752     
          20          98  0.96602384617992498     
          23          99  0.92825171022935549     
          24         100  0.90818305872382954     
          27         101  0.93944120789065733     
          28         102  0.92160261559641143     
          30         103  0.94619417524714522     
          31         104  0.96041857783703433     
          32         105  0.98544859043212241     
          32         106  0.98528843137388578     
          32         107  0.98614629045237123     
          33         108  0.98529912421493104     
          33         109  0.98474419411839043     
          33         110  0.98619909029277841     
          37         111  0.97267021428907285     
          37         112  0.97322081717076592     
          38         113  0.96599068408187561     
          38         114  0.96289141480523588     
          45         115  0.97927355815475292     
          45         116  0.98061295865398057     
          45         117  0.97279840870608636     
          46         118  0.97979947081545138     
          46         119  0.97524663411943147     
          46         120  0.98103885556826187     
          47         121  0.98381030359056976     
          47         122  0.98342742461376675     
          47         123  0.98286228844129830     
          48         124  0.98411583495409438     
          48         125  0.98269254297120467     
          48         126  0.98339374486102238     
          50         127  0.96512260077642420     
          50         128  0.96147081650279453     
          51         129  0.96975556534267848     
          51         130  0.97068241942412303     
          53         131  0.97580765572604200     
          53         132  0.97298037216421274     
          53         133  0.97365811897007237     
          55         134  0.96811146027772399     
          55         135  0.97147974704948048     
          56         136  0.95601701454240096     
          57         137  0.97148040138861824     
          57         138  0.95351556463762444     
          59         139  0.96941726595599564     
          59         140  0.96402143241082117     
          60         141  0.96578110788732818     
          60         142  0.96523267763167531     
          63         143  0.96623995531504692     
          63         144  0.96958045097215773     
          64         145  0.97764041304182470     
          64         146  0.97475795753661187     
          65         147  0.97562481479986307     
          65         148  0.97377898784625261     
          69         149  0.96608440947321506     
          70         150  0.96708578694386571     
          72         151  0.96244512755054978     
