   -0.11352404
    0.11121442
   -0.31393711
    0.04206567
    0.08839026
   -0.23133050
    0.05756019
   -0.04333239
   -0.01639632
    0.00490027
    0.02480852
   -0.04753423
    0.00637274
   -0.11023201
   -0.03263474
   -0.06984448
    0.02262068
   -0.10745229
   -0.11273857
    0.06088564
   -0.25397215
    0.35138173
    0.02653225
   -0.18475719
   -0.02190301
    0.24813089
    0.03394843
   -0.16494336
    0.27624169
    0.00301639
   -0.01213562
   -0.10815892
   -0.11319587
   -0.07850625
    0.24768677
    0.15262506
   -0.06815234
   -0.00113225
   -0.09731045
    0.29152142
   -0.07259244
   -0.01228373
    0.10118491
   -0.17029234
   -0.03225173
   -0.03134969
   -0.10867257
   -0.10557213
   -0.45131325
    0.00401461
   -0.06530340
   -0.46197766
   -0.05221784
   -0.44586680
   -0.06958103
    0.11259665
    0.00769990
   -0.15262280
    0.00493032
    0.07752193
   -0.32151528
   -0.44197267
   -0.01030969
   -0.06414223
   -0.06357205
   -0.41162619
   -0.02530437
    0.02386010
   -0.05280595
   -0.05820452
    0.05063477
   -0.07146084
   -0.26896180
    0.05176360
    0.03720624
    0.04311213
    0.03572242
    0.05839228
    0.03066940
    0.02802311
    0.04163714
    0.03839445
    0.03805015
    0.04321861
    0.04615673
    0.05055165
    0.04218603
    0.04367970
    0.04764799
    0.05691035
    0.04145303
    0.04101463
    0.04094498
    0.04145792
    0.04455925
    0.03528739
    0.06478054
    0.06478795
    0.03209562
    0.15623301
    0.05779988
    0.19889697
    0.08167626
    0.05090083
    0.04160622
    0.03447738
    0.04139045
    0.04000270
    0.04192338
    0.05750863
    0.05831976
    0.07504791
    0.05722044
    0.05528289
    0.01029560
    0.03873755
    0.04766743
    0.04055072
    0.03873707
    0.01106100
    0.04449886
    0.04020806
    0.05544030
    0.04089686
    0.03889396
    0.03523941
    0.05123350
    0.07497138
    0.06516057
    0.04579849
    0.06093273
    0.06079605
    0.08399997
    0.06917467
    0.03974384
    0.02584904
    0.03711278
    0.01929660
    0.05916873
    0.02008652
    0.03190283
    0.06243015
    0.08667305
    0.06518296
    0.04713924
    0.05169307
    0.05698903
    0.06360313
    0.02329050
    0.03085917
    0.02924608
