           1           2  0.98350424107796375     
           2           3  0.97157350343099280     
           3           4  0.99549316831645662     
           2           5  0.98050181959311000     
           5           6   1.4234227420231869     
           6           7   1.4375287347700647     
           5           8  0.10985547553972318     
           7           8   1.4226118263199119     
           8           9   1.4438009640019951     
           5          10   1.3570676468605007     
           7          10  0.11238877970792459     
           9          10   1.4057529476314887     
          10          11   1.0166994292391478     
          11          12   1.1517004753284716     
          12          13  0.99666072841689068     
          13          14   1.0052112723425592     
          11          15   1.5279651481982306     
          15          16   1.0192347432087330     
          16          17  0.96694086682551528     
          17          18  0.99870383158960263     
          17          19  0.99645883418704817     
          17          20  0.97274517940337069     
          20          21  0.92210448914707421     
          21          22   1.1677375813501158     
          22          23  0.94428561181817594     
          23          24  0.99259761174057681     
          24          25  0.99943513981839560     
          25          26   1.2609246677335590     
          26          27  0.91969237187061625     
          27          28  0.98989562950591792     
          28          29   1.2729612310577199     
          29          30  0.92862472788986361     
          30          31  0.97570895650796752     
          31          32   1.0084874569549782     
          31          33   1.0056496138428366     
          30          34  0.95370422851667991     
          34          35   1.2948841619532332     
          35          36  0.92233064433381462     
          36          37  0.98392191957075426     
          37          38  0.99373805748307431     
          38          39  0.99416313782970689     
          39          40   1.2152141706015989     
          40          41   1.0289294505987021     
          41          42   2.7560242488874982     
          42          43   1.0205517932512609     
          43          44  0.97420497962846553     
          44          45   1.0154490113395691     
          44          46   1.0172794322636760     
          43          47  0.97126016654088188     
          43          48  0.95928864055462504     
          39          49  0.19167343143706850     
          40          49   1.6318675841815313     
          39          50  0.99181055723997835     
          36          51  0.96930007602572199     
          50          51  0.99214804463454154     
          34          52  0.20256982211170571     
          35          52   1.6302393645054116     
          34          53  0.99494474126543708     
          28          54  0.19755357633775761     
          29          54   1.6677914067270749     
          27          55  0.98956557059042261     
          55          56  0.98695035811530840     
          56          57  0.98144776961859348     
          57          58   1.0045701498686146     
          58          59  0.98844368764689117     
          59          60  0.99651738062874573     
          56          61  0.97972390540262666     
          60          61  0.97876911972388692     
          25          62  0.20228052310346095     
          26          62   1.6560170792643711     
          25          63  0.97424484359734587     
          63          64  0.99931662837753898     
          23          65  0.97958487151180274     
          64          65   1.0084718743895225     
          21          66  0.18061700739723846     
          22          66   1.7365453201289600     
          15          67   1.2057591412957041     
          12          68   1.1554226775167598     
          67          68   1.2476441628111126     
          68          69   1.3295477939004439     
          69          70   1.5066328190623723     
          58          71   1.0684369324676979     
          70          71   1.3056856451934873     
          67          72   1.3219246289381594     
          69          72  0.10376571722608481     
          71          72   1.4325920827277543     
          36          73  0.90719112955474213     
           1          74  0.98289345719946875     
           1          75  0.98550795278833281     
           1          76  0.98405485904031487     
           2          77  0.95612016815877487     
           4          78  0.97880469414567617     
           4          79  0.97706742000813929     
           4          80  0.97642615319335024     
           7          81  0.96327153599861448     
           8          82  0.96935323159360887     
           9          83  0.96566858027115865     
          13          84  0.96943520347272338     
          13          85  0.96864030283689484     
          14          86  0.98552295294900305     
          14          87  0.98540341880191207     
          14          88  0.98520461439292006     
          16          89  0.96708607746941611     
          16          90  0.96650769686440385     
          18          91  0.98505665659443498     
          18          92  0.98531460191270837     
          18          93  0.98453586930165138     
          19          94  0.98470665746434527     
          19          95  0.98343931057533140     
          19          96  0.98326980443521605     
          20          97  0.96307590057045966     
          20          98  0.95854781480852680     
          23          99  0.93235907657623496     
          24         100  0.93641050907077084     
          27         101  0.93723221859501604     
          28         102  0.92749776028344511     
          30         103  0.94836501388327354     
          31         104  0.96355269228112816     
          32         105  0.98590997065689101     
          32         106  0.98477858701724830     
          32         107  0.98549070931423732     
          33         108  0.98608914090571387     
          33         109  0.98592020506456257     
          33         110  0.98084213966875300     
          37         111  0.97176389321917478     
          37         112  0.96808671043823047     
          38         113  0.96701971221420402     
          38         114  0.96402106439254664     
          45         115  0.97290531184684148     
          45         116  0.98095593396912439     
          45         117  0.97672590909280865     
          46         118  0.97955792565906408     
          46         119  0.98036476823922192     
          46         120  0.97219845927786508     
          47         121  0.97997224635218161     
          47         122  0.98488941609597347     
          47         123  0.98497976911850693     
          48         124  0.98122072237315217     
          48         125  0.98505948029196755     
          48         126  0.98596247415206284     
          50         127  0.96787674473866747     
          50         128  0.96386526032325537     
          51         129  0.96640470835914527     
          51         130  0.96750552438070836     
          53         131  0.97160749672885793     
          53         132  0.97220777539967551     
          53         133  0.96977347373694422     
          55         134  0.96894901502669606     
          55         135  0.96937994078807121     
          56         136  0.95389383527918836     
          57         137  0.96814603988971781     
          57         138  0.95375810819436524     
          59         139  0.96656592791130136     
          59         140  0.96379848793426381     
          60         141  0.96523325027636775     
          60         142  0.96314358191483340     
          63         143  0.96279527420600253     
          63         144  0.96620214360780421     
          64         145  0.97634359975582119     
          64         146  0.97356213394922053     
          65         147  0.97499163018993107     
          65         148  0.97197766088055404     
          69         149  0.96706298714230743     
          70         150  0.96608849750698622     
          72         151  0.95953557373190534     
