   -0.11484373
    0.11623482
   -0.31538326
    0.04431134
    0.08734799
   -0.21513931
    0.05591977
   -0.04305971
   -0.01726783
   -0.00077058
    0.01604410
   -0.03578890
   -0.00581006
   -0.10795028
   -0.03966782
   -0.07145849
    0.02356624
   -0.10604381
   -0.11410109
    0.06578975
   -0.25366315
    0.35400337
    0.02689519
   -0.19892908
   -0.01551371
    0.23552817
    0.02771617
   -0.16468773
    0.27149632
    0.00720989
   -0.01508408
   -0.11052421
   -0.11456970
   -0.06834862
    0.24734383
    0.15231342
   -0.06897442
    0.00607890
   -0.09504128
    0.29248364
   -0.07349181
   -0.01371694
    0.10141419
   -0.17311995
   -0.02975601
   -0.03166800
   -0.10833556
   -0.10559700
   -0.44677245
   -0.00068055
   -0.06520331
   -0.46363847
   -0.05985781
   -0.46413011
   -0.07500358
    0.11088016
    0.00890527
   -0.15983654
   -0.00059530
    0.07888070
   -0.32282896
   -0.44496537
   -0.01075051
   -0.06115753
   -0.06415134
   -0.39620346
   -0.02717189
    0.02897526
   -0.04750253
   -0.06172370
    0.04754234
   -0.07195817
   -0.26919487
    0.06879644
    0.03554122
    0.03956208
    0.01630804
    0.05401148
    0.03110543
    0.02759805
    0.03955800
    0.03641150
    0.03625866
    0.04270670
    0.08360270
    0.04209628
    0.04650912
    0.03480272
    0.05451298
    0.04500182
    0.03945752
    0.03337840
    0.05249905
    0.04694268
    0.03718143
    0.03579766
    0.06437064
    0.05007006
    0.02205958
    0.18904344
    0.05820900
    0.20710526
    0.08529813
    0.04834545
    0.04239192
    0.04414443
    0.04468161
    0.05177160
    0.03985758
    0.04151104
    0.05492022
    0.05992890
    0.07541342
    0.05250892
    0.03698288
    0.03781685
    0.01187653
    0.04294605
    0.01230007
    0.03859165
    0.04637120
    0.04250709
    0.05406435
    0.03915623
    0.03471584
    0.04073777
    0.05476123
    0.05808200
    0.06190868
    0.06616724
    0.07504214
    0.08574769
    0.05976793
    0.08378352
    0.05211834
    0.02480704
    0.03762947
    0.02371975
    0.04235376
    0.04342480
    0.02372051
    0.05502272
    0.08150332
    0.06551338
    0.04293678
    0.04985666
    0.07043852
    0.04109425
    0.03562816
    0.02541092
    0.02497529
