           1           2  0.99382589116182207     
           2           3  0.96206192909731192     
           3           4  0.99703653803259629     
           2           5  0.97653736809359271     
           5           6   1.4244003610524543     
           6           7   1.4436123607859299     
           5           8  0.10933470999352918     
           7           8   1.4156497280646558     
           8           9   1.4500320625749661     
           5          10   1.3599682190360336     
           7          10  0.11026159005560088     
           9          10   1.3932870795019130     
          10          11   1.0267195416736326     
          11          12   1.1637460083552504     
          12          13  0.99343724742000628     
          13          14   1.0049704271666611     
          11          15   1.5072588241868461     
          15          16   1.0188718418295331     
          16          17  0.96637437639130075     
          17          18   1.0003415448304633     
          17          19  0.99651043294055897     
          17          20  0.97435043197130422     
          20          21  0.92712203574858465     
          21          22   1.1617937868073012     
          22          23  0.93580571240074595     
          23          24  0.98023602659033460     
          24          25   1.0066627959752696     
          25          26   1.2707344155823281     
          26          27  0.91700942046482814     
          27          28  0.97633844325301311     
          28          29   1.3049560064441568     
          29          30  0.94069858513706373     
          30          31  0.96110017097626743     
          31          32   1.0070257467218962     
          31          33   1.0078796513402843     
          30          34  0.96813403179658319     
          34          35   1.2987738720726933     
          35          36  0.92388418832072539     
          36          37  0.97398813545194896     
          37          38  0.99208034480974572     
          38          39  0.99119403046093402     
          39          40   1.2185572049162938     
          40          41   1.0249370534309463     
          41          42   2.7585645914688008     
          42          43   1.0192018605157629     
          43          44  0.96933765299289409     
          44          45   1.0170795814749887     
          44          46   1.0162612358538219     
          43          47  0.97397818373374090     
          43          48  0.96191993473523107     
          39          49  0.19165227217441483     
          40          49   1.6306338196540564     
          39          50  0.99546566702188188     
          36          51  0.98371822139546417     
          50          51  0.99631574280681390     
          34          52  0.20317502536604043     
          35          52   1.6221917802534933     
          34          53  0.99417429051682060     
          28          54  0.19429009956346052     
          29          54   1.6082740786563021     
          27          55  0.99074998390715252     
          55          56  0.98891183989765885     
          56          57  0.98362345168893173     
          57          58   1.0020117733033054     
          58          59  0.98635472891505627     
          59          60  0.99578703511423039     
          56          61  0.97375370920957649     
          60          61  0.98219995550584682     
          25          62  0.20724893084943219     
          26          62   1.6443351930864001     
          25          63  0.97328731988207140     
          63          64  0.99756551843556107     
          23          65  0.98069675491918806     
          64          65   1.0073667804674706     
          21          66  0.18485871028725712     
          22          66   1.7563678935755229     
          15          67   1.2118266124861850     
          12          68   1.1648723362350710     
          67          68   1.2461285685148569     
          68          69   1.3261101072326467     
          69          70   1.5109673055138766     
          58          71   1.0635750993949347     
          70          71   1.3033282226580793     
          67          72   1.3218048211600180     
          69          72  0.10476996350914941     
          71          72   1.4360764044837206     
          36          73  0.90319450571630877     
           1          74  0.98253077888275531     
           1          75  0.98447254555822727     
           1          76  0.98346219456824613     
           2          77  0.95483319700918035     
           4          78  0.97903072452860473     
           4          79  0.97648976264508769     
           4          80  0.97586177357155290     
           7          81  0.96340377682929523     
           8          82  0.96951981024081901     
           9          83  0.96766434935386203     
          13          84  0.96818168256526849     
          13          85  0.96019462572396863     
          14          86  0.98543103186845105     
          14          87  0.98660068108490273     
          14          88  0.98630290606278170     
          16          89  0.96126374975656803     
          16          90  0.96763555239921129     
          18          91  0.97982473344356813     
          18          92  0.98505010184390929     
          18          93  0.98051179781274189     
          19          94  0.98062722026730520     
          19          95  0.98531801880170644     
          19          96  0.98494392115844742     
          20          97  0.96367722438185766     
          20          98  0.96584471251125092     
          23          99  0.95868749836948453     
          24         100  0.89345324137934523     
          27         101  0.94873280428153084     
          28         102  0.92146715258558265     
          30         103  0.94439348908458010     
          31         104  0.96475483470023171     
          32         105  0.98329434869396526     
          32         106  0.98485610889129194     
          32         107  0.98556718363569429     
          33         108  0.98370511881563094     
          33         109  0.98469315550712555     
          33         110  0.98530825914328624     
          37         111  0.97027741229116826     
          37         112  0.96329470918807858     
          38         113  0.96516644077442004     
          38         114  0.96654692626802219     
          45         115  0.97543667460026651     
          45         116  0.98058360466145933     
          45         117  0.97234788995455035     
          46         118  0.97947133399322495     
          46         119  0.97257762688844640     
          46         120  0.98022403196844665     
          47         121  0.98419828617659744     
          47         122  0.98050845986415713     
          47         123  0.98492269258856313     
          48         124  0.98551053463058347     
          48         125  0.98513431519208716     
          48         126  0.98136983659322075     
          50         127  0.96426575319164531     
          50         128  0.96379974444181404     
          51         129  0.97178128207206771     
          51         130  0.96782290093082590     
          53         131  0.97146371579685820     
          53         132  0.96520060934984464     
          53         133  0.96968111077916186     
          55         134  0.96586488242862067     
          55         135  0.97336882808670022     
          56         136  0.95593670253307539     
          57         137  0.96851497575478485     
          57         138  0.95755169815725549     
          59         139  0.96735147329167348     
          59         140  0.95331553446662021     
          60         141  0.96612504184431924     
          60         142  0.96983150701324827     
          63         143  0.96495425086451569     
          63         144  0.96776419913021317     
          64         145  0.97716913785555803     
          64         146  0.97337066974450093     
          65         147  0.97202933571147931     
          65         148  0.97597565370374983     
          69         149  0.96563999023699842     
          70         150  0.96572863485044846     
          72         151  0.95901944186507937     
