   -0.11790195
    0.11597676
   -0.31476591
    0.04487919
    0.08716979
   -0.21691923
    0.05677421
   -0.04328829
   -0.01705036
   -0.00080327
    0.02028216
   -0.04640115
    0.00645522
   -0.11027298
   -0.03676187
   -0.06813746
    0.02276612
   -0.11300759
   -0.11285301
    0.07605851
   -0.25179622
    0.35072734
    0.02850740
   -0.19681462
   -0.02120954
    0.24207888
    0.02850101
   -0.16566519
    0.27075284
    0.00354417
   -0.01213548
   -0.11013463
   -0.11116513
   -0.08028776
    0.25120382
    0.15490320
   -0.06410644
    0.00252347
   -0.09413988
    0.29034597
   -0.07343818
   -0.01432808
    0.10100249
   -0.17110903
   -0.02923936
   -0.03145979
   -0.10522633
   -0.10927457
   -0.43923837
    0.00012258
   -0.06783783
   -0.46293244
   -0.04791482
   -0.44450761
   -0.06829528
    0.11255688
    0.00905211
   -0.15737091
    0.00594678
    0.07730038
   -0.32258124
   -0.43690555
   -0.01071336
   -0.06180785
   -0.06442923
   -0.41008062
   -0.02503091
    0.02497145
   -0.05270167
   -0.05689491
    0.05261743
   -0.06304371
   -0.27067971
    0.04284263
    0.04050591
    0.06984954
    0.01453569
    0.02689940
    0.05699701
    0.02992885
    0.04280912
    0.03873514
    0.03962488
    0.04750779
    0.04161162
    0.05052335
    0.04489409
    0.04385500
    0.05661333
    0.04510917
    0.03780949
    0.04701181
    0.03782200
    0.04704969
    0.03950491
    0.04302914
    0.05991500
    0.04811409
    0.02782906
    0.19573985
    0.07010192
    0.20150626
    0.07997449
    0.05216914
    0.03542375
    0.04416116
    0.04165819
    0.04581992
    0.04647483
    0.03917180
    0.04882065
    0.06050388
    0.05077368
    0.08199692
    0.03644599
    0.00847228
    0.04014022
    0.04266434
    0.03816410
    0.01131774
    0.03956293
    0.04030701
    0.03348470
    0.04846356
    0.05511195
    0.04152441
    0.05358061
    0.05489310
    0.07310596
    0.06027280
    0.05848731
    0.06758650
    0.07781688
    0.06999963
    0.05096487
    0.02374960
    0.03188448
    0.02313663
    0.04332448
    0.03006663
    0.02286436
    0.05992341
    0.07955606
    0.06518897
    0.04131181
    0.04832560
    0.05778049
    0.04919832
    0.02397854
    0.02865643
    0.01910230
