           1           2  0.99941985060107752     
           2           3  0.96253046980885826     
           3           4  0.99746746252769547     
           2           5  0.97508837711170637     
           5           6   1.4309103358727131     
           6           7   1.4360692687039760     
           5           8  0.11109085413308076     
           7           8   1.4248820309177417     
           8           9   1.4401289377936282     
           5          10   1.3544695897582870     
           7          10  0.11301651353656719     
           9          10   1.4109447677604554     
          10          11   1.0142843985403127     
          11          12   1.1585543328551238     
          12          13  0.99584450291272497     
          13          14   1.0053205543459460     
          11          15   1.5228604079035082     
          15          16   1.0188420709573276     
          16          17  0.96569241952279561     
          17          18  0.99811749505019376     
          17          19  0.99762396282760579     
          17          20  0.98180062531859114     
          20          21  0.92624496074424667     
          21          22   1.1627584603124217     
          22          23  0.94323422027734138     
          23          24  0.99649452548871864     
          24          25   1.0069723062538185     
          25          26   1.2512395438484436     
          26          27  0.92105663163748164     
          27          28  0.98028870494745934     
          28          29   1.2897155018048574     
          29          30  0.92826887192002361     
          30          31  0.97798436930159249     
          31          32   1.0087161277433734     
          31          33   1.0056842957073910     
          30          34  0.95522489638198660     
          34          35   1.2900476575492006     
          35          36  0.92786151969750785     
          36          37  0.96870972589419069     
          37          38  0.99361830128958684     
          38          39  0.99272499249703949     
          39          40   1.2155304167603340     
          40          41   1.0225707006842519     
          41          42   2.7598284026702444     
          42          43   1.0194098270400054     
          43          44  0.97120801777186772     
          44          45   1.0179968863811846     
          44          46   1.0168193855220293     
          43          47  0.96055990172567907     
          43          48  0.97321675363100024     
          39          49  0.19616405007434196     
          40          49   1.6408937195546658     
          39          50  0.99689185857853246     
          36          51  0.98201825183863589     
          50          51  0.99536713228216767     
          34          52  0.19833432951388014     
          35          52   1.6309534425246679     
          34          53  0.99134770936391114     
          28          54  0.20184546063686021     
          29          54   1.6531702546563893     
          27          55  0.98968846233618568     
          55          56  0.99036818009346661     
          56          57  0.97897042965648606     
          57          58   1.0043651074135471     
          58          59  0.98817321640693589     
          59          60  0.99494645820002559     
          56          61  0.97599829797546411     
          60          61  0.98376503857758535     
          25          62  0.20213778001791585     
          26          62   1.6692966012941752     
          25          63  0.97482011437790594     
          63          64  0.99620417398380789     
          23          65  0.98507039676119401     
          64          65   1.0066992257293594     
          21          66  0.18008372783331306     
          22          66   1.7413394254158321     
          15          67   1.2086688801256464     
          12          68   1.1574507735706339     
          67          68   1.2463647418098813     
          68          69   1.3287350464406842     
          69          70   1.5092242074692368     
          58          71   1.0600785088072491     
          70          71   1.3059645845739143     
          67          72   1.3217317026638953     
          69          72  0.10351365203319793     
          71          72   1.4413938282637728     
          36          73  0.90422472334024973     
           1          74  0.98498715706990048     
           1          75  0.98356483139067774     
           1          76  0.98288271434200403     
           2          77  0.95271759252429633     
           4          78  0.97553146296722137     
           4          79  0.97851165789814998     
           4          80  0.97658530917438136     
           7          81  0.96317685221347660     
           8          82  0.96942852085984943     
           9          83  0.96616118498191295     
          13          84  0.96858409731565942     
          13          85  0.96974667833788941     
          14          86  0.98586941390229010     
          14          87  0.98507552659706832     
          14          88  0.98579874347107022     
          16          89  0.96618672327310184     
          16          90  0.96753429170414706     
          18          91  0.98349735069870559     
          18          92  0.98160964388714622     
          18          93  0.98491939095859737     
          19          94  0.98420069098578145     
          19          95  0.98493183323614719     
          19          96  0.98510550197478186     
          20          97  0.96252444427795214     
          20          98  0.96617655399882685     
          23          99  0.92832015201756746     
          24         100  0.90659252202234419     
          27         101  0.93956823830606029     
          28         102  0.92197474221613795     
          30         103  0.94638318429228707     
          31         104  0.96014270352869002     
          32         105  0.98550916289753965     
          32         106  0.98528379900987784     
          32         107  0.98609555005635863     
          33         108  0.98528540686752031     
          33         109  0.98469711991949249     
          33         110  0.98619718054154193     
          37         111  0.97225953365123696     
          37         112  0.97317155803855460     
          38         113  0.96598396010146925     
          38         114  0.96283360390909700     
          45         115  0.97657576154941783     
          45         116  0.97200012254949475     
          45         117  0.98076480409011946     
          46         118  0.97943386393695864     
          46         119  0.98026935438823326     
          46         120  0.97263643656818854     
          47         121  0.98553497561254799     
          47         122  0.98136631710670974     
          47         123  0.98518974614579857     
          48         124  0.98388862031203073     
          48         125  0.98486880060849114     
          48         126  0.98027151133318002     
          50         127  0.96493794731066007     
          50         128  0.96181131387817509     
          51         129  0.96961719867601048     
          51         130  0.97063865601674049     
          53         131  0.97574902729050805     
          53         132  0.97312166756825058     
          53         133  0.97345649596184269     
          55         134  0.96812047743228224     
          55         135  0.97148508151283652     
          56         136  0.95605217831255718     
          57         137  0.97164933173202750     
          57         138  0.95374341364664916     
          59         139  0.96954553872066795     
          59         140  0.96401410225508000     
          60         141  0.96587050149495779     
          60         142  0.96524153824473691     
          63         143  0.96628276960886084     
          63         144  0.96962697866777481     
          64         145  0.97763605858629632     
          64         146  0.97471815746856449     
          65         147  0.97570849954299099     
          65         148  0.97371942443663850     
          69         149  0.96643408386740537     
          70         150  0.96719329460241499     
          72         151  0.96246084336672910     
