   -0.11396882
    0.11151709
   -0.31630143
    0.04254831
    0.08531848
   -0.23709562
    0.05783368
   -0.04331542
   -0.01419982
    0.00629049
    0.02427950
   -0.04133323
   -0.00210615
   -0.10898489
   -0.03887427
   -0.07104029
    0.02285897
   -0.11199488
   -0.10743455
    0.06536536
   -0.25727675
    0.35275672
    0.02706481
   -0.19800184
   -0.02269398
    0.24212520
    0.02611570
   -0.16667159
    0.27140142
    0.00779095
   -0.01453878
   -0.10951108
   -0.11291510
   -0.07016289
    0.24782573
    0.15242865
   -0.06694209
    0.00858847
   -0.09715610
    0.29001832
   -0.07549523
   -0.02662850
    0.10271466
   -0.17289655
   -0.03367059
   -0.03237151
   -0.10952380
   -0.10858570
   -0.45502588
   -0.00074810
   -0.06556812
   -0.46700555
   -0.05623018
   -0.45819540
   -0.07296942
    0.11073007
    0.00950453
   -0.16854353
    0.00070390
    0.07894372
   -0.32209829
   -0.43679363
   -0.01024944
   -0.06264292
   -0.06625186
   -0.40346124
   -0.02959043
    0.02717841
   -0.04851249
   -0.05838599
    0.04773627
   -0.07364482
   -0.27117210
    0.04462075
    0.04232754
    0.05085887
    0.03789011
    0.02989195
    0.05544603
    0.03006251
    0.03987705
    0.03767929
    0.03810672
    0.03941168
    0.07697635
    0.04358215
    0.04944915
    0.03702058
    0.04725255
    0.05447243
    0.03478017
    0.04159781
    0.04216398
    0.03772136
    0.04695957
    0.04022742
    0.05797175
    0.06452533
    0.02609060
    0.19032338
    0.06290635
    0.20507552
    0.08040812
    0.04729399
    0.04044176
    0.04371692
    0.04352708
    0.04064353
    0.04206428
    0.04970696
    0.05643329
    0.06202905
    0.07674239
    0.04974173
    0.03829453
    0.04173728
    0.01986090
    0.03900745
    0.01405505
    0.04016005
    0.03961960
    0.04216051
    0.05410646
    0.04551172
    0.05371852
    0.04269547
    0.05642525
    0.05527951
    0.05782095
    0.06962950
    0.07050884
    0.08747367
    0.05702113
    0.08207309
    0.04631073
    0.02406372
    0.03502179
    0.02534307
    0.03813434
    0.04613941
    0.02439131
    0.05258630
    0.07885447
    0.06487230
    0.04201359
    0.04938508
    0.06278883
    0.05612448
    0.04279002
    0.02494268
    0.03020174
