           1           2  0.98011796738933343     
           2           3  0.97106773893932075     
           3           4  0.99733976403335323     
           2           5  0.98219556708183076     
           5           6   1.4129312576504580     
           6           7   1.4440608625419598     
           5           8  0.10804381510185934     
           7           8   1.4161271713142107     
           8           9   1.4505431934745876     
           5          10   1.3654739469659454     
           7          10  0.11132605222109873     
           9          10   1.3947884848256620     
          10          11   1.0167415238501083     
          11          12   1.1643797993995970     
          12          13  0.99201124987150702     
          13          14   1.0058549103872532     
          11          15   1.5168454452077753     
          15          16   1.0178159488395799     
          16          17  0.96833873784285218     
          17          18  0.99678963867363524     
          17          19  0.99869142968426117     
          17          20  0.97151841640868464     
          20          21  0.92663450686388793     
          21          22   1.1591653113000355     
          22          23  0.94039240860930695     
          23          24  0.98883307975261914     
          24          25   1.0052780320734442     
          25          26   1.2553794698881549     
          26          27  0.92088708917325379     
          27          28  0.97434833878304861     
          28          29   1.2949413482149577     
          29          30  0.93724998788486757     
          30          31  0.96142187865129203     
          31          32   1.0077223328090286     
          31          33   1.0075516128069484     
          30          34  0.96827339816889935     
          34          35   1.2979028794208620     
          35          36  0.92578111339935043     
          36          37  0.97308743989178126     
          37          38  0.99218771889427460     
          38          39  0.99037636787339423     
          39          40   1.2208945607698545     
          40          41   1.0277033072724358     
          41          42   2.7553737118406176     
          42          43   1.0127334112852242     
          43          44  0.96677076107301330     
          44          45   1.0129350206822070     
          44          46   1.0144166526203575     
          43          47  0.97503035320288844     
          43          48  0.97239473554749800     
          39          49  0.19225547198831361     
          40          49   1.6239094914971051     
          39          50  0.99575695550252585     
          36          51  0.98142532143348282     
          50          51  0.99568622841377752     
          34          52  0.20102368319623828     
          35          52   1.6201493344523159     
          34          53  0.99335163383773772     
          28          54  0.19876728307602171     
          29          54   1.6317817195097706     
          27          55  0.99137657661112555     
          55          56  0.98645938837670122     
          56          57  0.98381639583073843     
          57          58   1.0022921949696779     
          58          59  0.98324776484543575     
          59          60  0.99587840795025351     
          56          61  0.97413842833976227     
          60          61  0.98274565496401012     
          25          62  0.20389517723265804     
          26          62   1.6658233148243828     
          25          63  0.97361579196302528     
          63          64  0.99614352313052124     
          23          65  0.99078388839085818     
          64          65   1.0082588058965365     
          21          66  0.18009869994392810     
          22          66   1.7495074769905861     
          15          67   1.2105749537562636     
          12          68   1.1626662638776828     
          67          68   1.2464344424428848     
          68          69   1.3263265289504975     
          69          70   1.5094347785709743     
          58          71   1.0492103237377504     
          70          71   1.3084819812953088     
          67          72   1.3181855862363934     
          69          72  0.10503844287464270     
          71          72   1.4428430313364784     
          36          73  0.90405655226966508     
           1          74  0.98529571229486068     
           1          75  0.98256575034427729     
           1          76  0.98105681843167081     
           2          77  0.95390512259783378     
           4          78  0.97454764680350814     
           4          79  0.97511406672820355     
           4          80  0.97556705085305695     
           7          81  0.96328114198586523     
           8          82  0.96923917957191663     
           9          83  0.96527284034697813     
          13          84  0.96978485333650255     
          13          85  0.96074615122375684     
          14          86  0.98521386377200670     
          14          87  0.98538210314343266     
          14          88  0.98522877035221501     
          16          89  0.96735593523086894     
          16          90  0.96510632467924840     
          18          91  0.98298406262354665     
          18          92  0.98452270826607435     
          18          93  0.98364213183406046     
          19          94  0.98531202133979512     
          19          95  0.98343162686204222     
          19          96  0.98506019748452811     
          20          97  0.96553811842041992     
          20          98  0.96205022124885919     
          23          99  0.93449859018424675     
          24         100  0.90576937898688181     
          27         101  0.94415826627431310     
          28         102  0.92325519351671492     
          30         103  0.94730853209478139     
          31         104  0.96489852997818726     
          32         105  0.98412308838486706     
          32         106  0.98483644211471832     
          32         107  0.98573954154959464     
          33         108  0.98436294885642817     
          33         109  0.98562746649348498     
          33         110  0.98429214066272497     
          37         111  0.96773148880115800     
          37         112  0.96371534452431018     
          38         113  0.95984614461323647     
          38         114  0.96463654714207825     
          45         115  0.98118176145725877     
          45         116  0.97988407535002620     
          45         117  0.97498895886613401     
          46         118  0.98107139594418447     
          46         119  0.97487010686111952     
          46         120  0.97973309641527861     
          47         121  0.98389499688667903     
          47         122  0.98434955323117623     
          47         123  0.98271531808671475     
          48         124  0.98349367053297088     
          48         125  0.98200008776826608     
          48         126  0.98427203832577104     
          50         127  0.96388479813156680     
          50         128  0.96488867139192425     
          51         129  0.97239736131984100     
          51         130  0.96963017645179250     
          53         131  0.96745174846280313     
          53         132  0.96648907630194103     
          53         133  0.97118771743299115     
          55         134  0.96692465936271854     
          55         135  0.97451639335159368     
          56         136  0.95706364783502018     
          57         137  0.96999712282723227     
          57         138  0.95480416886121577     
          59         139  0.96997097027952561     
          59         140  0.95449103830505577     
          60         141  0.96606580935487707     
          60         142  0.96992536081420122     
          63         143  0.96614945729261481     
          63         144  0.96957711160795945     
          64         145  0.97730769093739456     
          64         146  0.97437129444736015     
          65         147  0.97434083901344104     
          65         148  0.97343591914745797     
          69         149  0.96442725930672801     
          70         150  0.96744464691768317     
          72         151  0.95894099082492024     
