   -0.11777224
    0.11579352
   -0.31441627
    0.04437011
    0.08733293
   -0.21538167
    0.05682532
   -0.04321352
   -0.01684292
   -0.00167488
    0.01935005
   -0.04585325
    0.00621125
   -0.11025243
   -0.03777599
   -0.06875605
    0.02285105
   -0.11288400
   -0.11295711
    0.07603890
   -0.25157631
    0.35081833
    0.02843220
   -0.19582257
   -0.02115701
    0.24220111
    0.02867046
   -0.16614408
    0.27079131
    0.00347962
   -0.01214197
   -0.11013829
   -0.11116259
   -0.08034945
    0.25125379
    0.15488235
   -0.06414416
    0.00256075
   -0.09407336
    0.29026748
   -0.07348850
   -0.01425519
    0.10098999
   -0.17085202
   -0.02939702
   -0.03147245
   -0.10922696
   -0.10529341
   -0.43910988
    0.00002054
   -0.06758518
   -0.46303095
   -0.04792544
   -0.44464673
   -0.06832214
    0.11259086
    0.00899259
   -0.15687533
    0.00578944
    0.07746226
   -0.32242842
   -0.43679168
   -0.01079669
   -0.06183370
   -0.06444620
   -0.41026711
   -0.02497098
    0.02508590
   -0.05251818
   -0.05671250
    0.05271642
   -0.06303479
   -0.27048250
    0.04073933
    0.07071876
    0.04054955
    0.01419612
    0.02683536
    0.05709955
    0.03058131
    0.04288105
    0.03873150
    0.03923848
    0.04740580
    0.04200316
    0.05058340
    0.04486670
    0.04388828
    0.05773111
    0.04458370
    0.03780252
    0.04682299
    0.03783112
    0.04695831
    0.03940415
    0.04346577
    0.05986228
    0.04816045
    0.02789211
    0.19467356
    0.07000822
    0.20185398
    0.07981000
    0.05217114
    0.03538188
    0.04422848
    0.04150976
    0.04580899
    0.04653046
    0.03919336
    0.04890617
    0.06025549
    0.05068167
    0.08203611
    0.04022322
    0.03695249
    0.00845157
    0.04261709
    0.03822671
    0.01129773
    0.05530640
    0.04149387
    0.04814374
    0.04023421
    0.03330709
    0.03913759
    0.05337116
    0.05526788
    0.07298277
    0.06014490
    0.05821443
    0.06783730
    0.07781680
    0.06989556
    0.05086847
    0.02371019
    0.03186682
    0.02335032
    0.04333510
    0.03027204
    0.02302457
    0.05973405
    0.07970196
    0.06527381
    0.04144239
    0.04832389
    0.05777805
    0.04920970
    0.02418998
    0.02866362
    0.01892596
