           1           2  0.99833125383474075     
           2           3  0.96234106441246081     
           3           4  0.99723901095324252     
           2           5  0.97510984525258726     
           5           6   1.4297707229915930     
           6           7   1.4381853235419733     
           5           8  0.11106408252091332     
           7           8   1.4226938018627402     
           8           9   1.4425903039162311     
           5          10   1.3558126344114778     
           7          10  0.11253769317434444     
           9          10   1.4079194816121794     
          10          11   1.0158940895192197     
          11          12   1.1589148221305432     
          12          13  0.99574533122213693     
          13          14   1.0054688442781039     
          11          15   1.5204940225014854     
          15          16   1.0190838834373737     
          16          17  0.96537431930304940     
          17          18  0.99816142392511076     
          17          19  0.99767349267786509     
          17          20  0.98175965624590589     
          20          21  0.92612543753296628     
          21          22   1.1631677690150335     
          22          23  0.94306278969644430     
          23          24  0.99636136223569516     
          24          25   1.0070753343907064     
          25          26   1.2508733031632671     
          26          27  0.92131510370783332     
          27          28  0.98032007512328834     
          28          29   1.2891656817730370     
          29          30  0.92804089772957843     
          30          31  0.97804894249263175     
          31          32   1.0086851085205162     
          31          33   1.0056835010100551     
          30          34  0.95519386284391594     
          34          35   1.2903420289780920     
          35          36  0.92755846843549761     
          36          37  0.96866942803702238     
          37          38  0.99375146659233549     
          38          39  0.99275035046666615     
          39          40   1.2157135943755268     
          40          41   1.0223747935616634     
          41          42   2.7601775075940771     
          42          43   1.0191273384857593     
          43          44  0.97141528142746092     
          44          45   1.0178901590400851     
          44          46   1.0167945759494730     
          43          47  0.97317184275121993     
          43          48  0.96080957923986021     
          39          49  0.19635186305092836     
          40          49   1.6409640277342805     
          39          50  0.99685560084102232     
          36          51  0.98233121777045140     
          50          51  0.99543455618258392     
          34          52  0.19822987085422769     
          35          52   1.6307207816625686     
          34          53  0.99127926674390032     
          28          54  0.20193381461732104     
          29          54   1.6543668815626231     
          27          55  0.98964023999364825     
          55          56  0.99037851941671773     
          56          57  0.97899201873750430     
          57          58   1.0043409918661479     
          58          59  0.98830642322843520     
          59          60  0.99483094212237977     
          56          61  0.97601869682463904     
          60          61  0.98385756543100800     
          25          62  0.20211083110272290     
          26          62   1.6694426196272039     
          25          63  0.97475067099062063     
          63          64  0.99630777566765572     
          23          65  0.98513738472897039     
          64          65   1.0067090457933840     
          21          66  0.18017018988434436     
          22          66   1.7410875447073693     
          15          67   1.2093498248968191     
          12          68   1.1577897606700154     
          67          68   1.2461215691065843     
          68          69   1.3286408473582281     
          69          70   1.5093190008285351     
          58          71   1.0608719863532816     
          70          71   1.3058563068098503     
          67          72   1.3218225301766482     
          69          72  0.10355898909137913     
          71          72   1.4407798486046448     
          36          73  0.90444472723548608     
           1          74  0.98337680556786689     
           1          75  0.98257068093705469     
           1          76  0.98526076472841317     
           2          77  0.95372175871039810     
           4          78  0.97566913679974787     
           4          79  0.97855131425916220     
           4          80  0.97642077855167009     
           7          81  0.96315769622329728     
           8          82  0.96941960322931831     
           9          83  0.96623599764795809     
          13          84  0.96850355715650394     
          13          85  0.96980167502062686     
          14          86  0.98575412536721441     
          14          87  0.98507342325125324     
          14          88  0.98554340570369081     
          16          89  0.96536792172371877     
          16          90  0.96759200556380853     
          18          91  0.98362851311982202     
          18          92  0.98185971790113191     
          18          93  0.98496194790051850     
          19          94  0.98423659138736852     
          19          95  0.98490451562928638     
          19          96  0.98505612551853439     
          20          97  0.96259141770767176     
          20          98  0.96618163305277693     
          23          99  0.92847772601226386     
          24         100  0.90834635577993195     
          27         101  0.93961949014466550     
          28         102  0.92142285419236969     
          30         103  0.94644998806286418     
          31         104  0.96023171900863169     
          32         105  0.98545517565244656     
          32         106  0.98527034250072987     
          32         107  0.98611675153976397     
          33         108  0.98528208596855960     
          33         109  0.98472747537027594     
          33         110  0.98618527133485390     
          37         111  0.97212295866237697     
          37         112  0.97316764199644590     
          38         113  0.96584948803698489     
          38         114  0.96276110752144739     
          45         115  0.98077912302539783     
          45         116  0.97696963180430907     
          45         117  0.97201006006064683     
          46         118  0.97942104637615635     
          46         119  0.98025074227290987     
          46         120  0.97264623346878942     
          47         121  0.98485266248655079     
          47         122  0.98023886868899412     
          47         123  0.98391590061546963     
          48         124  0.98146911148403215     
          48         125  0.98521576624651097     
          48         126  0.98559910365326886     
          50         127  0.96490129009496195     
          50         128  0.96223955279966589     
          51         129  0.96963667237196971     
          51         130  0.97090559035543011     
          53         131  0.97558451917225375     
          53         132  0.97307786606930424     
          53         133  0.97356251198131694     
          55         134  0.96809785517256497     
          55         135  0.97146676433915680     
          56         136  0.95599208678308778     
          57         137  0.97152757042524129     
          57         138  0.95384497683231495     
          59         139  0.96964430565386495     
          59         140  0.96407789848605296     
          60         141  0.96590390330752618     
          60         142  0.96552416366582849     
          63         143  0.96624099119500262     
          63         144  0.96960962346645474     
          64         145  0.97760335866826209     
          64         146  0.97470941213744788     
          65         147  0.97570034292335039     
          65         148  0.97372711826485503     
          69         149  0.96647455515606129     
          70         150  0.96724229327078126     
          72         151  0.96240129268861407     
