   -0.11834272
    0.11010874
   -0.31691185
    0.04400684
    0.08610817
   -0.23763119
    0.05712736
   -0.04388683
   -0.01489977
    0.00712074
    0.02613987
   -0.02606996
   -0.00185807
   -0.10960315
   -0.03959088
   -0.07195920
    0.02269099
   -0.10670357
   -0.11211873
    0.06499235
   -0.25822749
    0.35275795
    0.02675004
   -0.19493695
   -0.02298430
    0.24206519
    0.02635328
   -0.16480760
    0.27149595
    0.00864498
   -0.01445819
   -0.11063613
   -0.11293654
   -0.07242562
    0.24798524
    0.15248285
   -0.06465865
   -0.00043569
   -0.08717698
    0.29073471
   -0.07529953
   -0.01447295
    0.10119174
   -0.17227853
   -0.03017913
   -0.03084024
   -0.10842610
   -0.10531459
   -0.45769219
    0.00126398
   -0.06940941
   -0.46441382
   -0.05845285
   -0.46161133
   -0.07249993
    0.11059658
    0.01016421
   -0.16675967
   -0.00045879
    0.07855987
   -0.32053767
   -0.43780305
   -0.01015281
   -0.06274635
   -0.06635507
   -0.40357812
   -0.02870601
    0.03299654
   -0.04713356
   -0.05947470
    0.04680999
   -0.07381320
   -0.27158013
    0.03880231
    0.03892946
    0.07560027
    0.03763417
    0.02958422
    0.05339229
    0.02702708
    0.03839902
    0.03617260
    0.03565231
    0.04419623
    0.07460942
    0.04092136
    0.04765205
    0.03731891
    0.04400392
    0.05684772
    0.03783840
    0.04658673
    0.03917600
    0.03475807
    0.04219948
    0.04193575
    0.05756270
    0.06508215
    0.02677896
    0.18747417
    0.06310080
    0.20544352
    0.07966303
    0.04734283
    0.04198061
    0.04311542
    0.04396474
    0.04145227
    0.04182943
    0.04961129
    0.06107840
    0.06791459
    0.05526361
    0.05557510
    0.01059011
    0.03684610
    0.04613995
    0.01129264
    0.04040675
    0.03841653
    0.04372382
    0.03956806
    0.05217583
    0.03950808
    0.03636920
    0.03981599
    0.04862647
    0.09409607
    0.05998104
    0.05705227
    0.07482013
    0.08106147
    0.06014458
    0.08121052
    0.04569485
    0.02412525
    0.03509235
    0.02470948
    0.03747952
    0.04823089
    0.02406380
    0.05290823
    0.07877959
    0.06490974
    0.04247006
    0.04931150
    0.06286611
    0.05649627
    0.02894019
    0.02565691
    0.02704985
