           1           2  0.98175182595936417     
           2           3  0.96424530951269649     
           3           4  0.99984152688380235     
           2           5  0.98271783036298677     
           5           6   1.4142085750349873     
           6           7   1.4427203968302691     
           5           8  0.10798173781473895     
           7           8   1.4171389640057512     
           8           9   1.4492945125749861     
           5          10   1.3622351274793876     
           7          10  0.11145539118869376     
           9          10   1.3959325599259322     
          10          11   1.0186389398627878     
          11          12   1.1696427291337514     
          12          13  0.99341553986311848     
          13          14   1.0060716136249590     
          11          15   1.5112728596603717     
          15          16   1.0178522525332421     
          16          17  0.96841373213583726     
          17          18  0.99877454909597563     
          17          19  0.99708632163573352     
          17          20  0.97070399469768121     
          20          21  0.92604727132452758     
          21          22   1.1594738522370029     
          22          23  0.94067679963874362     
          23          24  0.98870144111265446     
          24          25   1.0051947422090588     
          25          26   1.2548531018569280     
          26          27  0.92076625580722249     
          27          28  0.97462979614966594     
          28          29   1.2961903343467922     
          29          30  0.93511317967987662     
          30          31  0.96571826505585079     
          31          32   1.0071534400498634     
          31          33   1.0069502990796411     
          30          34  0.96523372189902190     
          34          35   1.2937244446229694     
          35          36  0.92631487074062324     
          36          37  0.98341997726250030     
          37          38  0.99676177721330084     
          38          39  0.99529422268043910     
          39          40   1.2402579350869611     
          40          41   1.0240222750315804     
          41          42   2.7558329710403644     
          42          43   1.0197095114066619     
          43          44  0.97101409713058762     
          44          45   1.0154655258417320     
          44          46   1.0172657695981429     
          43          47  0.97418220287099255     
          43          48  0.96090678614404301     
          39          49  0.19431938509816743     
          40          49   1.6090556055380296     
          39          50  0.98860507282654986     
          36          51  0.97364305573632426     
          50          51  0.99402134097080452     
          34          52  0.20187403345974958     
          35          52   1.6243977730171588     
          34          53  0.99466153843007377     
          28          54  0.19865081998529013     
          29          54   1.6332677942362168     
          27          55  0.99197617630403634     
          55          56  0.98661066096322259     
          56          57  0.98283970059009562     
          57          58   1.0030771923633888     
          58          59  0.98461336168687108     
          59          60  0.99521160910909723     
          56          61  0.97508465599406680     
          60          61  0.98300437660154039     
          25          62  0.20331185190499440     
          26          62   1.6653228737953558     
          25          63  0.97349320806094963     
          63          64  0.99626033246611778     
          23          65  0.99073047843529516     
          64          65   1.0083487663844650     
          21          66  0.17984960585190690     
          22          66   1.7489371630014428     
          15          67   1.2132975282450329     
          12          68   1.1705411757014241     
          67          68   1.2425754346887234     
          68          69   1.3261234553089880     
          69          70   1.5095747756616587     
          58          71   1.0503964653688682     
          70          71   1.3091486750932586     
          67          72   1.3163123834048347     
          69          72  0.10352846312029365     
          71          72   1.4395866550762741     
          36          73  0.90051894089122431     
           1          74  0.98521695499992101     
           1          75  0.98295776124264411     
           1          76  0.97390675624969125     
           2          77  0.95733062935809476     
           4          78  0.97538091139526206     
           4          79  0.97819855418477308     
           4          80  0.97608251108259303     
           7          81  0.96337514049778306     
           8          82  0.96936183591265956     
           9          83  0.96522061789001923     
          13          84  0.96959999585342549     
          13          85  0.96001493579665265     
          14          86  0.98562640340317342     
          14          87  0.98520664591368445     
          14          88  0.98527070559362562     
          16          89  0.96811994975835214     
          16          90  0.96355985986299098     
          18          91  0.98529802550629708     
          18          92  0.98333080540020756     
          18          93  0.98515284071124354     
          19          94  0.98242338555478004     
          19          95  0.98437525310611085     
          19          96  0.98392661931186565     
          20          97  0.96590807038446191     
          20          98  0.96188958609345465     
          23          99  0.93451805799647913     
          24         100  0.91035087373176782     
          27         101  0.94400544300872458     
          28         102  0.92335732390877168     
          30         103  0.94794502937416503     
          31         104  0.96455348235824656     
          32         105  0.98319744649467777     
          32         106  0.98511627630589438     
          32         107  0.98559581647382044     
          33         108  0.98424455091126295     
          33         109  0.98554370657744494     
          33         110  0.98435012402643740     
          37         111  0.97202682705783261     
          37         112  0.96947869974436862     
          38         113  0.96365136299753673     
          38         114  0.96320766357642862     
          45         115  0.97307946910541077     
          45         116  0.98106651752985374     
          45         117  0.97636140136837113     
          46         118  0.97217941186901724     
          46         119  0.97959327355728021     
          46         120  0.98026583386821142     
          47         121  0.98061706691520878     
          47         122  0.98511227408359781     
          47         123  0.98530618980430085     
          48         124  0.98501269805613934     
          48         125  0.98576642456978103     
          48         126  0.98132331679776996     
          50         127  0.96427600278980474     
          50         128  0.95796081676693134     
          51         129  0.96305109386066734     
          51         130  0.96644009567776479     
          53         131  0.97184942004031216     
          53         132  0.96518590400059112     
          53         133  0.97058186485151610     
          55         134  0.96705413865083667     
          55         135  0.97452503287281489     
          56         136  0.95688230302458377     
          57         137  0.96983761722776496     
          57         138  0.95622009420917620     
          59         139  0.97066374376116404     
          59         140  0.95283745517470086     
          60         141  0.96618034658084262     
          60         142  0.97003664795639677     
          63         143  0.96613988912516369     
          63         144  0.96956645610899272     
          64         145  0.97725640362499133     
          64         146  0.97438955451078046     
          65         147  0.97429850733528711     
          65         148  0.97333683836347773     
          69         149  0.96609916549826957     
          70         150  0.96783321350570806     
          72         151  0.95945787562374618     
