   -0.11682063
    0.10714890
   -0.31854623
    0.03579719
    0.07876246
   -0.22953581
    0.05595447
   -0.04338575
   -0.01622380
   -0.00372355
    0.01584916
   -0.04455837
    0.00583502
   -0.11003237
   -0.03737989
   -0.07293567
    0.02339322
   -0.11295391
   -0.11178362
    0.07518892
   -0.24904306
    0.35133904
    0.02842776
   -0.19725612
   -0.02239179
    0.24223271
    0.02760448
   -0.16755100
    0.27083661
    0.00361521
   -0.01194552
   -0.11024452
   -0.11125523
   -0.08002340
    0.25126662
    0.15566526
   -0.06397626
    0.00249851
   -0.09425805
    0.29033514
   -0.07324502
   -0.01448280
    0.10096194
   -0.17113153
   -0.02924494
   -0.03130692
   -0.10944202
   -0.10497398
   -0.43934892
   -0.00016530
   -0.06820335
   -0.46585097
   -0.04826747
   -0.44470155
   -0.06874840
    0.11264510
    0.00715074
   -0.15542812
    0.00533044
    0.07786611
   -0.32386919
   -0.43594864
   -0.01052679
   -0.06181216
   -0.06510361
   -0.41282432
   -0.02370394
    0.02572772
   -0.05236048
   -0.05622408
    0.05371753
   -0.06125093
   -0.27054705
    0.05024257
    0.06200078
    0.03635155
    0.04725856
    0.03360767
    0.05057870
    0.04646396
    0.03776737
    0.03680678
    0.03742655
    0.04658905
    0.04290417
    0.05112588
    0.04450842
    0.04314477
    0.06186994
    0.04668211
    0.04874656
    0.03909129
    0.04266975
    0.03774163
    0.04402181
    0.03756047
    0.06083174
    0.04768292
    0.02864947
    0.19462290
    0.07139448
    0.20292556
    0.08021914
    0.05197794
    0.03573527
    0.04397559
    0.04130865
    0.04551870
    0.04745724
    0.03886590
    0.04901532
    0.06171706
    0.05053330
    0.08191266
    0.03736586
    0.00731469
    0.04063412
    0.04210023
    0.03801295
    0.01182790
    0.04827282
    0.05541908
    0.04110154
    0.03961916
    0.04076996
    0.03316446
    0.05355293
    0.05542216
    0.07284129
    0.06086702
    0.05941865
    0.06817433
    0.07692050
    0.07005915
    0.05199784
    0.02346558
    0.03293510
    0.02766892
    0.04319343
    0.03113250
    0.02303370
    0.05851331
    0.07944142
    0.06469239
    0.04193911
    0.04809830
    0.05772953
    0.05010149
    0.02463787
    0.02878659
    0.01965663
