           1           2  0.99384895126929174     
           2           3  0.96409474549700325     
           3           4  0.99079187030814797     
           2           5  0.97539597647716336     
           5           6   1.4201458342855229     
           6           7   1.4341858075832623     
           5           8  0.10846999652247075     
           7           8   1.4218497820169116     
           8           9   1.4449745657653816     
           5          10   1.3520704047871279     
           7          10  0.11037362360221460     
           9          10   1.3997344777925163     
          10          11   1.0270408277451026     
          11          12   1.1576179605419445     
          12          13  0.99566715062579081     
          13          14   1.0060096407380135     
          11          15   1.5095337957802011     
          15          16   1.0197425848041715     
          16          17  0.96499544098063827     
          17          18  0.99783097641820251     
          17          19  0.99816714560994435     
          17          20  0.98115098050976468     
          20          21  0.92669953194402710     
          21          22   1.1662658247574729     
          22          23  0.94273172801751903     
          23          24  0.99442010856247987     
          24          25   1.0068217082828490     
          25          26   1.2493839605557360     
          26          27  0.92127848315445648     
          27          28  0.98042970808588792     
          28          29   1.2897865030262865     
          29          30  0.92808192006300427     
          30          31  0.97887907311235156     
          31          32   1.0085859153979322     
          31          33   1.0056593295031433     
          30          34  0.95457038714937237     
          34          35   1.2923541256367403     
          35          36  0.92958885181287831     
          36          37  0.96782504050726270     
          37          38  0.99367160910584884     
          38          39  0.99268854508087423     
          39          40   1.2151999034225993     
          40          41   1.0228706472109057     
          41          42   2.7597885087204341     
          42          43   1.0201774596204449     
          43          44  0.97090732333432361     
          44          45   1.0182009839506874     
          44          46   1.0167105999765067     
          43          47  0.97283224305686433     
          43          48  0.96044088662759597     
          39          49  0.19620287288840385     
          40          49   1.6410345019787680     
          39          50  0.99681081590046694     
          36          51  0.98088583689516495     
          50          51  0.99538306237754426     
          34          52  0.19701015698704108     
          35          52   1.6254968350636487     
          34          53  0.99082347071638566     
          28          54  0.20182041233185316     
          29          54   1.6531714298317832     
          27          55  0.98923985961087157     
          55          56  0.99065822758516331     
          56          57  0.97938727497708300     
          57          58   1.0034312717556371     
          58          59  0.98861099707029598     
          59          60  0.99487860430357400     
          56          61  0.97477363927986582     
          60          61  0.98377708752046600     
          25          62  0.20165223881960748     
          26          62   1.6708828892053704     
          25          63  0.97470013073939210     
          63          64  0.99633770642047659     
          23          65  0.98749013759225157     
          64          65   1.0066458763959110     
          21          66  0.18055423541456730     
          22          66   1.7368592057918009     
          15          67   1.2120632958469635     
          12          68   1.1591480657023177     
          67          68   1.2464817809894662     
          68          69   1.3270702180549638     
          69          70   1.5109206070960535     
          58          71   1.0631783386404228     
          70          71   1.3038973093735002     
          67          72   1.3206297362427108     
          69          72  0.10382875440107499     
          71          72   1.4413624553448887     
          36          73  0.90505275898649351     
           1          74  0.98400218887731528     
           1          75  0.98198850686978223     
           1          76  0.98597653375486916     
           2          77  0.95657259814972861     
           4          78  0.97820562359409802     
           4          79  0.97951508840586732     
           4          80  0.97064051147050290     
           7          81  0.96362441943144528     
           8          82  0.96944436842991433     
           9          83  0.96567630694704198     
          13          84  0.96789552677638369     
          13          85  0.97003785276189614     
          14          86  0.98494441320545634     
          14          87  0.98511735019384539     
          14          88  0.98427651682049677     
          16          89  0.96140114422010070     
          16          90  0.96769924493816606     
          18          91  0.98417432651782544     
          18          92  0.98492213360752146     
          18          93  0.98504307177361183     
          19          94  0.98381798231356155     
          19          95  0.98259453004594521     
          19          96  0.98496023725115767     
          20          97  0.96334365110596032     
          20          98  0.96578919027865762     
          23          99  0.92809611449662421     
          24         100  0.90736506444696663     
          27         101  0.93895506990414268     
          28         102  0.91961781699553180     
          30         103  0.94596452158517019     
          31         104  0.96023738144450177     
          32         105  0.98543933248525528     
          32         106  0.98532965612425372     
          32         107  0.98614886548254599     
          33         108  0.98531142736593791     
          33         109  0.98469093189246459     
          33         110  0.98623038035368715     
          37         111  0.97286079020938276     
          37         112  0.97308387997237245     
          38         113  0.96606600783792596     
          38         114  0.96284810509793739     
          45         115  0.97668695334392774     
          45         116  0.97186666963388491     
          45         117  0.98082027639780844     
          46         118  0.97938623877375830     
          46         119  0.98019375372963313     
          46         120  0.97305399998635622     
          47         121  0.98403053902753923     
          47         122  0.98496062681999152     
          47         123  0.98000962621131416     
          48         124  0.98549887922362256     
          48         125  0.98144762483911174     
          48         126  0.98507586092477517     
          50         127  0.96501647078998321     
          50         128  0.96190643786528940     
          51         129  0.96948768246092043     
          51         130  0.97031533457601526     
          53         131  0.97595964705418436     
          53         132  0.97281419894850596     
          53         133  0.97366312247062359     
          55         134  0.96799228279939875     
          55         135  0.97133393045327543     
          56         136  0.95593610517027661     
          57         137  0.97132326290733528     
          57         138  0.95313098783388628     
          59         139  0.96947273059251060     
          59         140  0.96390011089945782     
          60         141  0.96570833383202892     
          60         142  0.96541589910985082     
          63         143  0.96627063822428783     
          63         144  0.96975726163813980     
          64         145  0.97752755978356098     
          64         146  0.97477638644028830     
          65         147  0.97559008542588077     
          65         148  0.97364221666473560     
          69         149  0.96621108133526512     
          70         150  0.96712069275112000     
          72         151  0.96227915286471088     
