   -0.11770325
    0.10980586
   -0.31727949
    0.04414103
    0.08602922
   -0.23718958
    0.05729470
   -0.04364276
   -0.01466361
    0.00704350
    0.02602987
   -0.02704922
   -0.00235041
   -0.10917751
   -0.03939369
   -0.07180376
    0.02271348
   -0.10674768
   -0.11216221
    0.06488545
   -0.25747113
    0.35288859
    0.02685520
   -0.19614739
   -0.02378300
    0.24167977
    0.02583671
   -0.16406164
    0.27208438
    0.01017912
   -0.01462952
   -0.11110168
   -0.11252319
   -0.07323233
    0.24836454
    0.15236544
   -0.06410302
    0.00235649
   -0.09314670
    0.29002797
   -0.07693697
   -0.02606777
    0.10245726
   -0.17222763
   -0.03316304
   -0.03124316
   -0.10802550
   -0.10816637
   -0.45691193
    0.00282034
   -0.06985580
   -0.46425401
   -0.05738950
   -0.46152308
   -0.07260545
    0.11072556
    0.01012144
   -0.16696573
    0.00044931
    0.07878328
   -0.31872967
   -0.43747667
   -0.00996241
   -0.06264636
   -0.06626227
   -0.40332043
   -0.02868092
    0.03327130
   -0.04665066
   -0.05942038
    0.04690070
   -0.07345070
   -0.27177994
    0.04008735
    0.07325994
    0.03941759
    0.03813721
    0.02992812
    0.05283234
    0.02721211
    0.03881708
    0.03658002
    0.03566064
    0.04385595
    0.07701639
    0.04141721
    0.04699438
    0.03711357
    0.04480057
    0.05628420
    0.03793808
    0.04591818
    0.04012300
    0.04174402
    0.03465167
    0.04249356
    0.05783169
    0.06477295
    0.02623219
    0.18815009
    0.06402968
    0.20402853
    0.07751824
    0.04810826
    0.04254093
    0.04338873
    0.04385060
    0.04993783
    0.04071553
    0.04181702
    0.06005585
    0.06598644
    0.05424572
    0.05243185
    0.01497403
    0.03868045
    0.04382711
    0.00719374
    0.04240771
    0.03985476
    0.03964400
    0.04312856
    0.05362748
    0.04500147
    0.05132124
    0.04438405
    0.04760268
    0.09212952
    0.05931363
    0.05746932
    0.06143828
    0.07507258
    0.07843024
    0.08183435
    0.04631824
    0.02344505
    0.03506221
    0.02632602
    0.03458457
    0.04865412
    0.02350999
    0.05228789
    0.07870068
    0.06484588
    0.04240031
    0.04934409
    0.06311632
    0.05599010
    0.02850278
    0.02050222
    0.02811764
