           1           2  0.98221259551582962     
           2           3  0.96402358619190009     
           3           4  0.99985624180870536     
           2           5  0.98239174473927193     
           5           6   1.4147908800548492     
           6           7   1.4424037787882182     
           5           8  0.10813934587163367     
           7           8   1.4174833943812148     
           8           9   1.4489503845092488     
           5          10   1.3622569335930639     
           7          10  0.11155015543032980     
           9          10   1.3965367668300819     
          10          11   1.0182620975648990     
          11          12   1.1693413045781635     
          12          13  0.99294331191353358     
          13          14   1.0060725748260815     
          11          15   1.5118853484269141     
          15          16   1.0180448313344068     
          16          17  0.96832563265581917     
          17          18  0.99886897417509446     
          17          19  0.99716321294011978     
          17          20  0.97043331530878096     
          20          21  0.92660036992440420     
          21          22   1.1597890428252198     
          22          23  0.94025243778753820     
          23          24  0.98817314021222713     
          24          25   1.0052132302876289     
          25          26   1.2544491418201371     
          26          27  0.92015370639811567     
          27          28  0.97451145837459374     
          28          29   1.2959729698090745     
          29          30  0.93487341464329943     
          30          31  0.96680333809293351     
          31          32   1.0071082585631246     
          31          33   1.0067534726006551     
          30          34  0.96435614006964421     
          34          35   1.2922861678360040     
          35          36  0.92625160445990562     
          36          37  0.98312178328169342     
          37          38  0.99644290608383579     
          38          39  0.99594152911328471     
          39          40   1.2292174669987352     
          40          41   1.0249030331752584     
          41          42   2.7544326561343055     
          42          43   1.0130285736929199     
          43          44  0.96261661458297476     
          44          45   1.0137113212222835     
          44          46   1.0163013877700231     
          43          47  0.97437020778193784     
          43          48  0.97660500755297097     
          39          49  0.19238688967907297     
          40          49   1.6172105646074768     
          39          50  0.98913458665169995     
          36          51  0.97433300999485306     
          50          51  0.99285651642707506     
          34          52  0.20141085953050308     
          35          52   1.6264622640094470     
          34          53  0.99477111506657712     
          28          54  0.19848581241454333     
          29          54   1.6328918728328299     
          27          55  0.99204318678074199     
          55          56  0.98633500529418527     
          56          57  0.98298484173298717     
          57          58   1.0025204834932355     
          58          59  0.98468324362235626     
          59          60  0.99487990097100354     
          56          61  0.97537807355530015     
          60          61  0.98432416081906760     
          25          62  0.20314736323944127     
          26          62   1.6657339088502134     
          25          63  0.97329258197932478     
          63          64  0.99631495865036912     
          23          65  0.99100933449640838     
          64          65   1.0083477332612076     
          21          66  0.18024399696099797     
          22          66   1.7493785599956799     
          15          67   1.2130605194293458     
          12          68   1.1708031603782894     
          67          68   1.2425467654866473     
          68          69   1.3260085141712648     
          69          70   1.5093558357873884     
          58          71   1.0508926472530031     
          70          71   1.3087950152811654     
          67          72   1.3159997579488116     
          69          72  0.10350605067631810     
          71          72   1.4395284183978536     
          36          73  0.90029966749016288     
           1          74  0.98287895466961350     
           1          75  0.97489045514865369     
           1          76  0.98507514413889052     
           2          77  0.95743881437748668     
           4          78  0.97533618980767400     
           4          79  0.97785043033871144     
           4          80  0.97615616960941287     
           7          81  0.96336035291598543     
           8          82  0.96934418030461855     
           9          83  0.96510365789978514     
          13          84  0.96954896431339499     
          13          85  0.95983892417112460     
          14          86  0.98555792697258504     
          14          87  0.98538719185293377     
          14          88  0.98526529526526829     
          16          89  0.96797667165884871     
          16          90  0.96380418161401038     
          18          91  0.98530649655669078     
          18          92  0.98346008985855304     
          18          93  0.98499222906275108     
          19          94  0.98403157332050784     
          19          95  0.98221048675035461     
          19          96  0.98435028080391385     
          20          97  0.96586091906995064     
          20          98  0.96189563858369675     
          23          99  0.93533201454304771     
          24         100  0.90886498488978140     
          27         101  0.94424346917888780     
          28         102  0.92474664213994218     
          30         103  0.94904279123297597     
          31         104  0.96425226059847746     
          32         105  0.98299165794589927     
          32         106  0.98515103751540078     
          32         107  0.98557789686311326     
          33         108  0.98436217536909643     
          33         109  0.98422359660229564     
          33         110  0.98557602695941404     
          37         111  0.97217208394052856     
          37         112  0.96870602567869257     
          38         113  0.96397331996366886     
          38         114  0.96278603464987345     
          45         115  0.97506312801300177     
          45         116  0.98108933741283988     
          45         117  0.97966272379431407     
          46         118  0.97301536137844979     
          46         119  0.97929730717822072     
          46         120  0.98068724175537458     
          47         121  0.98359800216489701     
          47         122  0.98403745973551948     
          47         123  0.98250195653757211     
          48         124  0.98355735357970253     
          48         125  0.98284728780107355     
          48         126  0.98392627002727984     
          50         127  0.96507284528061610     
          50         128  0.95814098649818991     
          51         129  0.96252053485857192     
          51         130  0.96574707203493904     
          53         131  0.97078449237652653     
          53         132  0.97156600125010095     
          53         133  0.96601017814898293     
          55         134  0.96684527894847494     
          55         135  0.97451753923754025     
          56         136  0.95698494626801300     
          57         137  0.96961557571586554     
          57         138  0.95643195105058065     
          59         139  0.97098386787466107     
          59         140  0.95253356693902203     
          60         141  0.96599759455218337     
          60         142  0.97005423907531863     
          63         143  0.96615405205933069     
          63         144  0.96961483071050392     
          64         145  0.97723827992903944     
          64         146  0.97436410464261947     
          65         147  0.97423202649777263     
          65         148  0.97343769129860758     
          69         149  0.96639910106435056     
          70         150  0.96802609140241924     
          72         151  0.95947124241804371     
