   -0.11793384
    0.11597773
   -0.31483019
    0.04494823
    0.08716177
   -0.21706025
    0.05678005
   -0.04326270
   -0.01712508
   -0.00069849
    0.02032702
   -0.04638500
    0.00645096
   -0.11026043
   -0.03660160
   -0.06810968
    0.02273700
   -0.11303818
   -0.11312558
    0.07585833
   -0.25088509
    0.35095632
    0.02862577
   -0.19772730
   -0.02250119
    0.24212682
    0.02765169
   -0.16823056
    0.27097856
    0.00368759
   -0.01194093
   -0.11029080
   -0.11131560
   -0.07988615
    0.25116872
    0.15588264
   -0.06403184
    0.00248868
   -0.09394187
    0.29022663
   -0.07340922
   -0.01475956
    0.10099693
   -0.17135353
   -0.02871268
   -0.03121045
   -0.10483178
   -0.10960450
   -0.43972494
    0.00011168
   -0.06839872
   -0.46681000
   -0.04844290
   -0.44402945
   -0.06894133
    0.11260357
    0.00838112
   -0.15735080
    0.00564135
    0.07823517
   -0.32389207
   -0.43595303
   -0.01050699
   -0.06176327
   -0.06462402
   -0.41107516
   -0.02500979
    0.02500794
   -0.05270554
   -0.05690735
    0.05260827
   -0.06276847
   -0.27052047
    0.04049508
    0.06975495
    0.04320108
    0.01461994
    0.02684391
    0.05691291
    0.02993821
    0.04282451
    0.03872664
    0.03966956
    0.04744532
    0.04165255
    0.05045045
    0.04488705
    0.04391220
    0.05673741
    0.04485672
    0.03790565
    0.04713510
    0.03772563
    0.04741507
    0.03955202
    0.04292428
    0.06026723
    0.04807184
    0.02777985
    0.19570163
    0.07114627
    0.20303465
    0.08031614
    0.05206079
    0.03597266
    0.04404805
    0.04133058
    0.04566856
    0.04745280
    0.03880577
    0.04915209
    0.06240900
    0.05034341
    0.08200900
    0.03679261
    0.00698406
    0.04029643
    0.04203632
    0.03772197
    0.01213101
    0.04035923
    0.04103106
    0.03324481
    0.04875609
    0.05521757
    0.04112030
    0.05323883
    0.05518315
    0.07292129
    0.06092686
    0.05985753
    0.06821204
    0.07712014
    0.07007661
    0.05213751
    0.02343707
    0.03162930
    0.02586431
    0.04331224
    0.03085340
    0.02302939
    0.05813639
    0.07946538
    0.06502346
    0.04131846
    0.04817644
    0.05793775
    0.04890427
    0.02396038
    0.02848217
    0.01881535
