           1           2  0.99956292627633037     
           2           3  0.96245475889780374     
           3           4  0.99749453241111008     
           2           5  0.97509390123928796     
           5           6   1.4311031219951860     
           6           7   1.4358057294194249     
           5           8  0.11112225502518709     
           7           8   1.4251330181443944     
           8           9   1.4398881178765159     
           5          10   1.3541879493422186     
           7          10  0.11306122693779387     
           9          10   1.4112806226211922     
          10          11   1.0141665501351480     
          11          12   1.1585352920462431     
          12          13  0.99583874693700558     
          13          14   1.0053234398165205     
          11          15   1.5231194838709674     
          15          16   1.0188099786484206     
          16          17  0.96560614128233735     
          17          18  0.99823527528583578     
          17          19  0.99762428420305149     
          17          20  0.98164890943182437     
          20          21  0.92624299140741073     
          21          22   1.1641083316770169     
          22          23  0.94294120909387191     
          23          24  0.99561016593582230     
          24          25   1.0067209319320456     
          25          26   1.2493342858993464     
          26          27  0.92123768840438525     
          27          28  0.98031519626147556     
          28          29   1.2891988606863714     
          29          30  0.92817911256269159     
          30          31  0.97904346496795736     
          31          32   1.0085752934849643     
          31          33   1.0056077849026233     
          30          34  0.95422690847292202     
          34          35   1.2929083859987274     
          35          36  0.93024461775906042     
          36          37  0.96766780890102466     
          37          38  0.99398776713217374     
          38          39  0.99255711325516016     
          39          40   1.2158263634823658     
          40          41   1.0230344894014587     
          41          42   2.7588736218798124     
          42          43   1.0207950368958585     
          43          44  0.97087484640632893     
          44          45   1.0184940062130043     
          44          46   1.0166280611481748     
          43          47  0.95992225526349695     
          43          48  0.97249747062239944     
          39          49  0.19614193598567725     
          40          49   1.6400891611300097     
          39          50  0.99687986722726252     
          36          51  0.98022454051980779     
          50          51  0.99550745891092918     
          34          52  0.19668867272512694     
          35          52   1.6240735790828633     
          34          53  0.99061538442357255     
          28          54  0.20156982382133734     
          29          54   1.6532260332140369     
          27          55  0.98934427565135419     
          55          56  0.99077734791663419     
          56          57  0.97920743096522045     
          57          58   1.0038758776845442     
          58          59  0.98852848603168697     
          59          60  0.99481601467288483     
          56          61  0.97474983365541856     
          60          61  0.98363703263112057     
          25          62  0.20156843630962831     
          26          62   1.6710542814700462     
          25          63  0.97479446680185955     
          63          64  0.99628502929620111     
          23          65  0.98641891936500115     
          64          65   1.0066500675347427     
          21          66  0.18028776222788209     
          22          66   1.7394744765606434     
          15          67   1.2085869063006691     
          12          68   1.1575130942593164     
          67          68   1.2461851450848618     
          68          69   1.3288467011421243     
          69          70   1.5090550626250161     
          58          71   1.0600547215987590     
          70          71   1.3061689091804163     
          67          72   1.3220177012994139     
          69          72  0.10351764782716397     
          71          72   1.4411530326884883     
          36          73  0.90540343532537393     
           1          74  0.98357529110732367     
           1          75  0.98291121739599019     
           1          76  0.98494584559993781     
           2          77  0.95264898322711589     
           4          78  0.97552615267167120     
           4          79  0.97848882274357640     
           4          80  0.97658755281194032     
           7          81  0.96317205311379783     
           8          82  0.96943242346191916     
           9          83  0.96614934433280075     
          13          84  0.96861694150307209     
          13          85  0.96969082598055745     
          14          86  0.98589144464041678     
          14          87  0.98507035932730613     
          14          88  0.98577994601772234     
          16          89  0.96616556652027785     
          16          90  0.96735939267440041     
          18          91  0.98357359440557657     
          18          92  0.98150549800103470     
          18          93  0.98492944412821848     
          19          94  0.98422929324175923     
          19          95  0.98490657051196273     
          19          96  0.98509462024598737     
          20          97  0.96266200649396749     
          20          98  0.96600711689488250     
          23          99  0.92796100266565906     
          24         100  0.90613658383477791     
          27         101  0.93942287358120624     
          28         102  0.91927617121489025     
          30         103  0.94592856265649361     
          31         104  0.96025784927284719     
          32         105  0.98547074126903134     
          32         106  0.98532849968306913     
          32         107  0.98613932558829476     
          33         108  0.98529895100476850     
          33         109  0.98468848639159756     
          33         110  0.98623966122601903     
          37         111  0.97303471922896478     
          37         112  0.97299713333969740     
          38         113  0.96590098444429584     
          38         114  0.96280200843913877     
          45         115  0.97624536549508423     
          45         116  0.97188341933978650     
          45         117  0.98086171440726455     
          46         118  0.97938633145624032     
          46         119  0.98022248775786036     
          46         120  0.97322076791448764     
          47         121  0.98538514803383825     
          47         122  0.98132810171914164     
          47         123  0.98509456811726248     
          48         124  0.98404965293271829     
          48         125  0.98502813310475357     
          48         126  0.97990983736664417     
          50         127  0.96489688751953728     
          50         128  0.96128528349225362     
          51         129  0.96952811237405301     
          51         130  0.97003449266067809     
          53         131  0.97601396521212236     
          53         132  0.97291792680266043     
          53         133  0.97358742293699219     
          55         134  0.96789812777373163     
          55         135  0.97131974555919354     
          56         136  0.95592148365059282     
          57         137  0.97153323887344034     
          57         138  0.95355159684512203     
          59         139  0.96962321191987422     
          59         140  0.96395950335481595     
          60         141  0.96567352284688301     
          60         142  0.96563090253283379     
          63         143  0.96628357366918305     
          63         144  0.96976609992885776     
          64         145  0.97760534394750465     
          64         146  0.97477524261912718     
          65         147  0.97562501856172368     
          65         148  0.97375229787469275     
          69         149  0.96645019604731919     
          70         150  0.96726867796247396     
          72         151  0.96232632292624742     
