   -0.11787575
    0.11628265
   -0.31592556
    0.04527362
    0.08753512
   -0.22034650
    0.05629539
   -0.04351485
   -0.01770764
    0.00147858
    0.02093816
   -0.04533799
    0.00786023
   -0.11038104
   -0.03436812
   -0.07373170
    0.02120515
   -0.10948657
   -0.11499760
    0.06859317
   -0.24879790
    0.35442916
    0.02008490
   -0.18290281
   -0.02053326
    0.24134702
    0.02221211
   -0.16334821
    0.27632303
    0.01010237
   -0.01541608
   -0.11103554
   -0.11358008
   -0.07660217
    0.24975789
    0.15321584
   -0.06686314
    0.00255882
   -0.10044896
    0.29035372
   -0.07460287
   -0.02554340
    0.10229939
   -0.17380917
   -0.03219012
   -0.03109682
   -0.10923782
   -0.10872517
   -0.44105469
    0.00427664
   -0.06578287
   -0.47110545
   -0.05799940
   -0.44792225
   -0.07500123
    0.11058096
    0.00180063
   -0.17548200
    0.00178243
    0.08181632
   -0.33116271
   -0.45019551
   -0.01063200
   -0.06224866
   -0.06350259
   -0.41029049
   -0.02195240
    0.03197994
   -0.05092074
   -0.05327991
    0.05337701
   -0.05729617
   -0.26588053
    0.04784943
    0.03992054
    0.06636494
    0.01738601
    0.02808931
    0.05628531
    0.02904562
    0.04200944
    0.03822401
    0.03769753
    0.04677272
    0.03765223
    0.04409881
    0.05706258
    0.04237687
    0.05924639
    0.04760137
    0.03972942
    0.04128612
    0.04661416
    0.03416324
    0.03682506
    0.04758952
    0.06565767
    0.04542427
    0.04865089
    0.16370879
    0.07062337
    0.19736241
    0.06945752
    0.05045171
    0.04330969
    0.03861112
    0.04380281
    0.04297930
    0.04911575
    0.04279501
    0.06222291
    0.07108469
    0.05081836
    0.05713466
    0.04558303
    0.00963519
    0.03553285
    0.03772595
    0.00634902
    0.04463478
    0.04400764
    0.05241658
    0.04753175
    0.05212415
    0.04253489
    0.04714053
    0.07887541
    0.05144118
    0.05029731
    0.05455644
    0.05591873
    0.08007691
    0.08221525
    0.06080060
    0.04666321
    0.02867914
    0.05275425
    0.04965534
    0.04045193
    0.02941883
    0.04101919
    0.02077941
    0.08320670
    0.06304735
    0.04493992
    0.05021334
    0.05399627
    0.05591516
    0.02592173
    0.03962592
    0.03356874
