           1           2   1.0005337113230415     
           2           3  0.96304907166627141     
           3           4  0.99732902507087007     
           2           5  0.97619302386819851     
           5           6   1.4311527383044225     
           6           7   1.4335514721952298     
           5           8  0.11064736142944218     
           7           8   1.4270689348332761     
           8           9   1.4363038960986230     
           5          10   1.3519994102568096     
           7          10  0.11367966596113810     
           9          10   1.4104754412411840     
          10          11   1.0128835396452709     
          11          12   1.1537252724518061     
          12          13  0.99554781242163792     
          13          14   1.0049013453703339     
          11          15   1.5262805440407419     
          15          16   1.0193859242573637     
          16          17  0.96604409930293200     
          17          18  0.99934794845040775     
          17          19  0.99812001838648978     
          17          20  0.97637798978881707     
          20          21  0.92649876926918739     
          21          22   1.1684373066182225     
          22          23  0.94042660772071740     
          23          24  0.99242775439257691     
          24          25   1.0046395320411059     
          25          26   1.2604144259411358     
          26          27  0.93765762993684953     
          27          28  0.99413508579511756     
          28          29   1.2778910360981026     
          29          30  0.92755686608865517     
          30          31  0.97418549541702248     
          31          32   1.0072219410346825     
          31          33   1.0059464583941762     
          30          34  0.95961699500953601     
          34          35   1.2911804842094623     
          35          36  0.92435474748122559     
          36          37  0.98377716922688596     
          37          38  0.99412464209399642     
          38          39  0.99562602043515158     
          39          40   1.2068403662688396     
          40          41   1.0251979711433881     
          41          42   2.7543606868266615     
          42          43   1.0141198417985617     
          43          44  0.96337646037199998     
          44          45   1.0156503245614159     
          44          46   1.0167056972761153     
          43          47  0.97367820572915020     
          43          48  0.97441380028860580     
          39          49  0.19170766827379176     
          40          49   1.6444390548735073     
          39          50  0.99291964321591775     
          36          51  0.97140370815678001     
          50          51  0.99144278321172552     
          34          52  0.19926887651580535     
          35          52   1.6285269274868406     
          34          53  0.99341351531598698     
          28          54  0.19900514977502895     
          29          54   1.6668507129789061     
          27          55  0.96203508973912721     
          55          56  0.98423950266841020     
          56          57  0.97644858624837005     
          57          58  0.99088929582586305     
          58          59   1.0040093339712794     
          59          60  0.98113321936452391     
          56          61  0.96626270283880733     
          60          61  0.98606602821081168     
          25          62  0.20104659874564496     
          26          62   1.6420318500318354     
          25          63  0.97470222023468067     
          63          64  0.99791637116443455     
          23          65  0.98068493616502250     
          64          65   1.0070182791206954     
          21          66  0.18143619311376508     
          22          66   1.7405605939388773     
          15          67   1.2031865886843820     
          12          68   1.1608877951099950     
          67          68   1.2468325064495480     
          68          69   1.3314382339264674     
          69          70   1.5027455539354322     
          58          71   1.0198135770317602     
          70          71   1.3238341596595347     
          67          72   1.3267920619130245     
          69          72  0.10707976970411177     
          71          72   1.4590684336288329     
          36          73  0.90568909387566565     
           1          74  0.98430800230202675     
           1          75  0.98366694348079808     
           1          76  0.98366276337640668     
           2          77  0.94961579185036926     
           4          78  0.97546753622571536     
           4          79  0.97855004180203564     
           4          80  0.97676759441384509     
           7          81  0.96324666290194427     
           8          82  0.96948684677410313     
           9          83  0.96609283363069198     
          13          84  0.96893774744776873     
          13          85  0.96962321163357845     
          14          86  0.98593160983459849     
          14          87  0.98515676291767607     
          14          88  0.98523348482395434     
          16          89  0.95935249900547914     
          16          90  0.97006265146274795     
          18          91  0.98491488335497912     
          18          92  0.98558125977349631     
          18          93  0.98364135395747920     
          19          94  0.98453560074171853     
          19          95  0.97808497561297669     
          19          96  0.98356576910840499     
          20          97  0.95671316521734906     
          20          98  0.96524672041682180     
          23          99  0.93328117371375308     
          24         100  0.93103221255950319     
          27         101  0.94212336623564763     
          28         102  0.92619104544010389     
          30         103  0.95288422281380680     
          31         104  0.96362599880481548     
          32         105  0.98551713240843020     
          32         106  0.98294638795767664     
          32         107  0.98543308974189270     
          33         108  0.98534970800414268     
          33         109  0.98463067781342617     
          33         110  0.98410352301560855     
          37         111  0.96979468142224989     
          37         112  0.96585213944495318     
          38         113  0.95978718246514294     
          38         114  0.96652598390451805     
          45         115  0.97879834353225958     
          45         116  0.97254562432902503     
          45         117  0.97998588112447760     
          46         118  0.98068684207036738     
          46         119  0.97030619431841669     
          46         120  0.97941390152386365     
          47         121  0.98317280224382220     
          47         122  0.98251301127228763     
          47         123  0.98371346720462616     
          48         124  0.98235299027180256     
          48         125  0.98393918212010156     
          48         126  0.98370983338070850     
          50         127  0.96445092364195473     
          50         128  0.96817160795337709     
          51         129  0.97148004840656987     
          51         130  0.97348903942396303     
          53         131  0.97262388736693517     
          53         132  0.97148387052892193     
          53         133  0.96605880327675853     
          55         134  0.96962109116144579     
          55         135  0.96849132144159844     
          56         136  0.95720955184503542     
          57         137  0.96813036744237346     
          57         138  0.96280497828703171     
          59         139  0.97466117558274368     
          59         140  0.96812925181709308     
          60         141  0.97191748380330945     
          60         142  0.97070030578493194     
          63         143  0.96473014492886056     
          63         144  0.96747363738370062     
          64         145  0.97689127463213432     
          64         146  0.97385055942708720     
          65         147  0.97600783433551308     
          65         148  0.97368775476997238     
          69         149  0.96637879146249128     
          70         150  0.96862143961301450     
          72         151  0.95984173287938424     
