   -0.11619802
    0.10963923
   -0.31703453
    0.04504867
    0.08549224
   -0.23778691
    0.05742937
   -0.04368629
   -0.01453590
    0.00688069
    0.02532497
   -0.02919072
   -0.00394536
   -0.10911028
   -0.03991177
   -0.07019583
    0.02266457
   -0.10682451
   -0.11217841
    0.06484030
   -0.25821177
    0.35274236
    0.02669480
   -0.19485057
   -0.02255503
    0.24253134
    0.02655794
   -0.16552800
    0.27116312
    0.00773983
   -0.01464005
   -0.10989159
   -0.11287631
   -0.07158824
    0.24779263
    0.15259068
   -0.06446777
   -0.00010871
   -0.08934533
    0.29018365
   -0.07464851
   -0.01428860
    0.10095055
   -0.17051613
   -0.03152528
   -0.03126458
   -0.10823806
   -0.10585645
   -0.45732084
    0.00285800
   -0.06780792
   -0.46596510
   -0.05680694
   -0.46097820
   -0.07246595
    0.11050579
    0.01037756
   -0.16799230
    0.00064394
    0.07860429
   -0.32149773
   -0.43706680
   -0.01037648
   -0.06272293
   -0.06634661
   -0.40302325
   -0.02922865
    0.03153384
   -0.04686653
   -0.05932162
    0.04682909
   -0.07323475
   -0.27092198
    0.06860414
    0.04155787
    0.04035841
    0.03897137
    0.02640767
    0.02957022
    0.05360982
    0.03880499
    0.03672926
    0.03643573
    0.04289302
    0.08096858
    0.04209740
    0.04769257
    0.03640144
    0.04396505
    0.05389937
    0.03957193
    0.03760364
    0.04676204
    0.03505383
    0.04216679
    0.04190602
    0.05800364
    0.06520531
    0.02604075
    0.18731751
    0.06253751
    0.20566941
    0.08032770
    0.04756441
    0.04083298
    0.04320361
    0.04377450
    0.04188886
    0.04948656
    0.04136827
    0.05967850
    0.06785257
    0.05454992
    0.05489247
    0.00981087
    0.03857535
    0.04592696
    0.01114417
    0.04065435
    0.03842412
    0.04403982
    0.04180636
    0.05471652
    0.04059863
    0.03731551
    0.03452811
    0.04986118
    0.09151735
    0.05884143
    0.05739480
    0.07165870
    0.08528853
    0.05780178
    0.08124832
    0.04560778
    0.02455366
    0.03537441
    0.02380651
    0.03754040
    0.04602844
    0.02432108
    0.05324938
    0.07903430
    0.06523975
    0.04213318
    0.04942906
    0.06335491
    0.05600369
    0.03219680
    0.02426131
    0.02781149
