           1           2  0.98151783740520004     
           2           3  0.96513444044289476     
           3           4   1.0000139578567890     
           2           5  0.98253967366970740     
           5           6   1.4141280713525846     
           6           7   1.4425895113645169     
           5           8  0.10819442001054985     
           7           8   1.4176813194820859     
           8           9   1.4487712624416393     
           5          10   1.3628608058018088     
           7          10  0.11158138852381813     
           9          10   1.3972767465987164     
          10          11   1.0169828523650344     
          11          12   1.1698862262216838     
          12          13  0.99237230363510398     
          13          14   1.0059377154574336     
          11          15   1.5126157183026776     
          15          16   1.0177690722151254     
          16          17  0.96842401684589530     
          17          18  0.99880945547996125     
          17          19  0.99696347433296206     
          17          20  0.97103345744697489     
          20          21  0.92605102483985924     
          21          22   1.1594158558141618     
          22          23  0.94021208860499539     
          23          24  0.98825358072830538     
          24          25   1.0052600078621805     
          25          26   1.2544973012116931     
          26          27  0.92134390193540749     
          27          28  0.97499161780351795     
          28          29   1.2962214834574941     
          29          30  0.93551604176307956     
          30          31  0.96413493167004416     
          31          32   1.0074428897317040     
          31          33   1.0073008469665918     
          30          34  0.96660443570735810     
          34          35   1.2957513673609362     
          35          36  0.92717037825214743     
          36          37  0.98269650006835940     
          37          38  0.99695326771385406     
          38          39  0.99537984353357101     
          39          40   1.2359813119693395     
          40          41   1.0258253725874322     
          41          42   2.7553623455419660     
          42          43   1.0203724462017021     
          43          44  0.97332156498444355     
          44          45   1.0158709434454227     
          44          46   1.0173092345028190     
          43          47  0.97057243565216345     
          43          48  0.96127365373915197     
          39          49  0.19503074163222861     
          40          49   1.6126268521450944     
          39          50  0.98867784229100131     
          36          51  0.97206854161863188     
          50          51  0.99496601764908965     
          34          52  0.20211361565268701     
          35          52   1.6215794289766472     
          34          53  0.99427171777361367     
          28          54  0.19891788087139534     
          29          54   1.6332398980176785     
          27          55  0.99139770457612175     
          55          56  0.98670904155304640     
          56          57  0.98308744761266353     
          57          58   1.0031054557240313     
          58          59  0.98441616043053703     
          59          60  0.99538390589861125     
          56          61  0.97447481271662439     
          60          61  0.98275024845399050     
          25          62  0.20339424327769140     
          26          62   1.6660641064735968     
          25          63  0.97351499360577787     
          63          64  0.99622547463922251     
          23          65  0.99092258839190694     
          64          65   1.0083885813460054     
          21          66  0.18001553732545428     
          22          66   1.7497768861728753     
          15          67   1.2129229867266620     
          12          68   1.1697517151759975     
          67          68   1.2428776696429620     
          68          69   1.3263208751984465     
          69          70   1.5094904439807355     
          58          71   1.0485263686800688     
          70          71   1.3092725144199784     
          67          72   1.3172414520552156     
          69          72  0.10408976425438352     
          71          72   1.4410187202202531     
          36          73  0.90249097467762829     
           1          74  0.97689803296430400     
           1          75  0.98511807813079499     
           1          76  0.98298571602968410     
           2          77  0.95740726288836575     
           4          78  0.97591323009885367     
           4          79  0.97544646635958154     
           4          80  0.97767466988344298     
           7          81  0.96336937854904892     
           8          82  0.96935407533766949     
           9          83  0.96530131559931531     
          13          84  0.96951137918962160     
          13          85  0.95883492564979800     
          14          86  0.98545033981190644     
          14          87  0.98533219479021883     
          14          88  0.98549066583883305     
          16          89  0.96788761081418018     
          16          90  0.96502905449078735     
          18          91  0.98509452852595447     
          18          92  0.98534186921699352     
          18          93  0.98337457233744363     
          19          94  0.98256129304145090     
          19          95  0.98443155736417387     
          19          96  0.98389648757093195     
          20          97  0.96572268770108305     
          20          98  0.96172247234221264     
          23          99  0.93518738551582747     
          24         100  0.91087476244556498     
          27         101  0.94373405484287787     
          28         102  0.92279344354134074     
          30         103  0.94760744040441647     
          31         104  0.96484190626651634     
          32         105  0.98362326462416738     
          32         106  0.98503874909917344     
          32         107  0.98566300236213023     
          33         108  0.98561165396731543     
          33         109  0.98436621727189277     
          33         110  0.98430569530787282     
          37         111  0.97233852306193302     
          37         112  0.97038134933568754     
          38         113  0.96350609567728784     
          38         114  0.96317219715474556     
          45         115  0.97282172727109728     
          45         116  0.98097614239276609     
          45         117  0.97661745561538926     
          46         118  0.97225255297976920     
          46         119  0.97963106221106377     
          46         120  0.98033668702669152     
          47         121  0.97996410151367541     
          47         122  0.98484743093116578     
          47         123  0.98503729995922495     
          48         124  0.98160716888515476     
          48         125  0.98521948137662696     
          48         126  0.98598429750469418     
          50         127  0.96281336023370834     
          50         128  0.95766475422513875     
          51         129  0.96450554934523691     
          51         130  0.96527056422583812     
          53         131  0.97117421106819923     
          53         132  0.96573187606988509     
          53         133  0.97053115561332648     
          55         134  0.96705709816061913     
          55         135  0.97443271546356414     
          56         136  0.95689715840376222     
          57         137  0.96990568011941147     
          57         138  0.95590080370931529     
          59         139  0.97053992529337907     
          59         140  0.95405836946732259     
          60         141  0.96622590568248978     
          60         142  0.96996682989130656     
          63         143  0.96609401958178664     
          63         144  0.96958802979460379     
          64         145  0.97725872559253579     
          64         146  0.97434878186121709     
          65         147  0.97419272890509911     
          65         148  0.97345274493355149     
          69         149  0.96624258090303616     
          70         150  0.96784879023284209     
          72         151  0.95955823108871363     
