   -0.11672606
    0.11660311
   -0.31845411
    0.04376642
    0.08408110
   -0.23772901
    0.05737854
   -0.04393499
   -0.01766593
    0.00526651
    0.03030210
   -0.02670277
    0.00420868
   -0.10985880
   -0.03834059
   -0.06198635
    0.02359194
   -0.11571510
   -0.10753350
    0.06638607
   -0.25760030
    0.35469254
    0.02738204
   -0.19752567
   -0.01729851
    0.23672963
    0.02698307
   -0.16582714
    0.27383341
    0.00692443
   -0.01308505
   -0.10904779
   -0.11370601
   -0.07708256
    0.24851793
    0.15294809
   -0.06320397
    0.00236645
   -0.09344454
    0.28995702
   -0.07243609
   -0.01489445
    0.10101730
   -0.17477299
   -0.03121087
   -0.03095163
   -0.10848165
   -0.10603603
   -0.44070910
   -0.00336258
   -0.06667533
   -0.45755633
   -0.04812806
   -0.46198162
   -0.07375545
    0.11086340
    0.00746401
   -0.16726585
    0.01543378
    0.07669415
   -0.32393373
   -0.44152078
   -0.01067068
   -0.06126220
   -0.06239756
   -0.39246619
   -0.02172666
    0.02742879
   -0.05158639
   -0.05621689
    0.05081689
   -0.06505035
   -0.26770991
    0.04251215
    0.04244910
    0.06265852
    0.03207527
    0.03071721
    0.02812952
    0.05853025
    0.03932731
    0.03698891
    0.03899181
    0.05123093
    0.04909273
    0.04838491
    0.04030623
    0.04236142
    0.02780540
    0.04787813
    0.06091019
    0.02700404
    0.03533464
    0.05126561
    0.04587408
    0.03727440
    0.06477652
    0.04525717
    0.02388910
    0.18646312
    0.06109666
    0.20425022
    0.08277889
    0.04751579
    0.04730124
    0.03450124
    0.04601069
    0.04223089
    0.05111322
    0.03911855
    0.04609374
    0.05898335
    0.05130086
    0.08111134
    0.01465493
    0.03630379
    0.04270251
    0.01216270
    0.04106830
    0.03784156
    0.04509655
    0.04426599
    0.04807211
    0.03730185
    0.04113859
    0.04022011
    0.05739260
    0.06145318
    0.07162172
    0.05330502
    0.05175136
    0.06864662
    0.08702565
    0.07976014
    0.05471990
    0.02575041
    0.03666200
    0.02815130
    0.03810895
    0.01395305
    0.02687781
    0.05946840
    0.08212239
    0.06499517
    0.04435192
    0.05004053
    0.06650096
    0.04128265
    0.02273744
    0.02537348
    0.02981380
