           1           2  0.98318231279612811     
           2           3  0.97633731854110373     
           3           4  0.99385981385336830     
           2           5  0.98315760477517700     
           5           6   1.4100743353048082     
           6           7   1.4464951039931591     
           5           8  0.10745399579163094     
           7           8   1.4127901886405141     
           8           9   1.4528368332334494     
           5          10   1.3600211078373756     
           7          10  0.10867547745985472     
           9          10   1.3920368762911490     
          10          11   1.0256770048933590     
          11          12   1.1638324536224391     
          12          13  0.99729796474126131     
          13          14   1.0042821174808012     
          11          15   1.5119610212495831     
          15          16   1.0190581550469768     
          16          17  0.96601821131769261     
          17          18  0.99682576281460578     
          17          19   1.0009137705584634     
          17          20  0.97234238533375972     
          20          21  0.93006875771052011     
          21          22   1.1529788604344162     
          22          23  0.93923936309591138     
          23          24  0.98307401880362622     
          24          25   1.0064604947994644     
          25          26   1.2662446786534372     
          26          27  0.91969281522979751     
          27          28  0.97612115407525391     
          28          29   1.3013919177933364     
          29          30  0.94273777769934186     
          30          31  0.95554715662481848     
          31          32   1.0084541926544053     
          31          33   1.0073092830180326     
          30          34  0.96893070145339122     
          34          35   1.2845193204108445     
          35          36  0.92417814812480104     
          36          37  0.96930032808631494     
          37          38  0.99290641757189224     
          38          39  0.99343020620803524     
          39          40   1.2155661409166951     
          40          41   1.0231118245118966     
          41          42   2.7621838155933189     
          42          43   1.0169934053771692     
          43          44  0.96904626456554654     
          44          45   1.0151478667506615     
          44          46   1.0170177747968618     
          43          47  0.97321556868743264     
          43          48  0.96585763806654090     
          39          49  0.19612056881057388     
          40          49   1.6406658555529028     
          39          50  0.99651762381887832     
          36          51  0.98222037233365855     
          50          51  0.99464494795627034     
          34          52  0.20200941823049504     
          35          52   1.6388882699126579     
          34          53  0.99228758845834797     
          28          54  0.19575555610475526     
          29          54   1.6119879121396736     
          27          55  0.99027125085633738     
          55          56  0.98949989117534864     
          56          57  0.98340051668253725     
          57          58   1.0014086085714387     
          58          59  0.98906658659615276     
          59          60  0.99474923501334378     
          56          61  0.97188618832247875     
          60          61  0.98449053425658417     
          25          62  0.20776768019398423     
          26          62   1.6496561892105595     
          25          63  0.97445005945577678     
          63          64  0.99772827722503554     
          23          65  0.97551174656676576     
          64          65   1.0065812873585200     
          21          66  0.18326245705136648     
          22          66   1.7608280595472428     
          15          67   1.2108759102960969     
          12          68   1.1646158101556856     
          67          68   1.2424557298207803     
          68          69   1.3299186510075152     
          69          70   1.5043992740287240     
          58          71   1.0455660164220948     
          70          71   1.3133527805720371     
          67          72   1.3259380839819099     
          69          72  0.10415576080774309     
          71          72   1.4442359821153419     
          36          73  0.90821795505165492     
           1          74  0.98443707321815599     
           1          75  0.98357051829328901     
           1          76  0.98070240654628038     
           2          77  0.94143567253543203     
           4          78  0.97681392670792910     
           4          79  0.97584020698874407     
           4          80  0.97917416235667964     
           7          81  0.96326359706393250     
           8          82  0.96938143877059235     
           9          83  0.96840163852596339     
          13          84  0.96517244109276923     
          13          85  0.96890803561836114     
          14          86  0.98620899575687238     
          14          87  0.98761589203181865     
          14          88  0.98552168361142489     
          16          89  0.97001659596904077     
          16          90  0.96756338187300983     
          18          91  0.97711635087022564     
          18          92  0.98598465962909154     
          18          93  0.98523186584824718     
          19          94  0.98024219282395364     
          19          95  0.98217705292270230     
          19          96  0.98454681901702690     
          20          97  0.96376966275384368     
          20          98  0.96697716109520626     
          23          99  0.95772510168565017     
          24         100  0.89819211801827936     
          27         101  0.94500929431909042     
          28         102  0.92281787109243685     
          30         103  0.94721376176056005     
          31         104  0.96322785902045926     
          32         105  0.98555418585556409     
          32         106  0.98529287910089236     
          32         107  0.98397659396700432     
          33         108  0.98589810061046168     
          33         109  0.98410102922914588     
          33         110  0.98432366616243594     
          37         111  0.96920542729471038     
          37         112  0.97310807504974617     
          38         113  0.96623306294079248     
          38         114  0.96318020792263004     
          45         115  0.97327402621624937     
          45         116  0.98114093651028766     
          45         117  0.97723206479381619     
          46         118  0.97207050834326658     
          46         119  0.97976595780488296     
          46         120  0.98038462849589425     
          47         121  0.98057583756454025     
          47         122  0.98445449414793995     
          47         123  0.98545501635448085     
          48         124  0.98183472262523619     
          48         125  0.98479084846001119     
          48         126  0.98521753313432392     
          50         127  0.96506145308567948     
          50         128  0.96246748505313473     
          51         129  0.97000674359649808     
          51         130  0.97058469308367545     
          53         131  0.97304736666568847     
          53         132  0.97176484373432048     
          53         133  0.97066047684632462     
          55         134  0.96743736692366000     
          55         135  0.97254825235615505     
          56         136  0.95669529757305138     
          57         137  0.97081260422343996     
          57         138  0.95397699966979332     
          59         139  0.96877894115298524     
          59         140  0.96222811842822842     
          60         141  0.96638250473811338     
          60         142  0.96713189627595719     
          63         143  0.96479657080987813     
          63         144  0.96766916943018788     
          64         145  0.97709471894657207     
          64         146  0.97330651729535023     
          65         147  0.97343610800412739     
          65         148  0.97607162424864835     
          69         149  0.96712202455892782     
          70         150  0.96766412079530761     
          72         151  0.95863960461748809     
