   -0.11868840
    0.11009960
   -0.31716060
    0.04400359
    0.08622564
   -0.23747169
    0.05721697
   -0.04380387
   -0.01477456
    0.00718157
    0.02660978
   -0.02503337
   -0.00288895
   -0.10937539
   -0.03969775
   -0.07214580
    0.02270283
   -0.10672927
   -0.11218169
    0.06508479
   -0.25825261
    0.35277133
    0.02676889
   -0.19510352
   -0.02293194
    0.24193601
    0.02627907
   -0.16490265
    0.27155038
    0.00875377
   -0.01446796
   -0.11066933
   -0.11298827
   -0.07214112
    0.24805646
    0.15245421
   -0.06948799
    0.00126442
   -0.08945479
    0.29045508
   -0.07464068
   -0.01449571
    0.10096445
   -0.17031756
   -0.03147167
   -0.03056361
   -0.10677078
   -0.10666206
   -0.45440037
   -0.00086675
   -0.06413329
   -0.46522627
   -0.05843095
   -0.46136991
   -0.07256096
    0.11059769
    0.01022693
   -0.16753309
    0.00046786
    0.07878590
   -0.32028219
   -0.43787696
   -0.01015015
   -0.06273728
   -0.06637408
   -0.40332601
   -0.02862220
    0.03318432
   -0.04757147
   -0.05989625
    0.04654570
   -0.07355341
   -0.27143911
    0.07616236
    0.03921284
    0.03894669
    0.03763576
    0.05314262
    0.02716583
    0.02959614
    0.03851697
    0.03628509
    0.03565085
    0.04458732
    0.07775848
    0.04704780
    0.03677855
    0.04193650
    0.04398582
    0.05724082
    0.04656189
    0.03921366
    0.03793901
    0.03476457
    0.04228944
    0.04206839
    0.05757883
    0.06480681
    0.02668678
    0.18761221
    0.06322974
    0.20517583
    0.07958630
    0.04731206
    0.04394448
    0.04210371
    0.04321960
    0.04175146
    0.04975555
    0.04142932
    0.05941470
    0.05709159
    0.09414445
    0.04848070
    0.04170313
    0.03854399
    0.01126223
    0.03889150
    0.04164493
    0.01038373
    0.04356145
    0.04349284
    0.05478457
    0.03992342
    0.03497539
    0.03599955
    0.05578806
    0.05543583
    0.06088051
    0.06597259
    0.08086619
    0.06038930
    0.07498142
    0.08134401
    0.04599237
    0.02409034
    0.03528676
    0.02508734
    0.03457892
    0.04856686
    0.02373979
    0.05261563
    0.07878806
    0.06493668
    0.04247092
    0.04938028
    0.06294456
    0.05647678
    0.02925226
    0.02120417
    0.02738923
