           1           2  0.98177295796575770     
           2           3  0.96398556462405982     
           3           4  0.99985864921000767     
           2           5  0.98276969859052821     
           5           6   1.4140807921208476     
           6           7   1.4428634203275050     
           5           8  0.10797913084904884     
           7           8   1.4170351907531016     
           8           9   1.4493820974077083     
           5          10   1.3624215637465635     
           7          10  0.11148213641020839     
           9          10   1.3957925615745639     
          10          11   1.0185631562136015     
          11          12   1.1708700539785946     
          12          13  0.99273450138391495     
          13          14   1.0061193677396685     
          11          15   1.5103838764421866     
          15          16   1.0178547048920026     
          16          17  0.96845661417360662     
          17          18  0.99878390933814332     
          17          19  0.99708636591632149     
          17          20  0.97062793365248867     
          20          21  0.92612411519370241     
          21          22   1.1593378410456212     
          22          23  0.94057101571818902     
          23          24  0.98864468338276423     
          24          25   1.0052109104832920     
          25          26   1.2551748835691212     
          26          27  0.92062917158078961     
          27          28  0.97455458283546315     
          28          29   1.2959418155235978     
          29          30  0.93515639903101477     
          30          31  0.96567352135622453     
          31          32   1.0071270377627917     
          31          33   1.0069535685815874     
          30          34  0.96528722206542505     
          34          35   1.2943209778496048     
          35          36  0.92635176142069509     
          36          37  0.97374613834814205     
          37          38  0.99376535116214504     
          38          39  0.98894448603540697     
          39          40   1.2347940328990674     
          40          41   1.0251665443719293     
          41          42   2.7565757207425934     
          42          43   1.0189217994146900     
          43          44  0.97251985984115985     
          44          45   1.0171414402328711     
          44          46   1.0163966484253699     
          43          47  0.97006569279588573     
          43          48  0.96382745257125413     
          39          49  0.19424658901601533     
          40          49   1.6140261800251721     
          39          50  0.99547228120982567     
          36          51  0.98328046603574704     
          50          51  0.99673853444472937     
          34          52  0.20178559225709855     
          35          52   1.6236106946714033     
          34          53  0.99466398361133979     
          28          54  0.19859397616684404     
          29          54   1.6333788049982993     
          27          55  0.99205571018382277     
          55          56  0.98663779738226232     
          56          57  0.98296827833855882     
          57          58   1.0028371405773326     
          58          59  0.98476408214734867     
          59          60  0.99504098128230012     
          56          61  0.97478503477577216     
          60          61  0.98356144398783629     
          25          62  0.20342039158511199     
          26          62   1.6650638603560344     
          25          63  0.97344741864228068     
          63          64  0.99626948537243543     
          23          65  0.99076497605695157     
          64          65   1.0083452042725924     
          21          66  0.17989425759008842     
          22          66   1.7492468392253588     
          15          67   1.2140812135479100     
          12          68   1.1720160248101670     
          67          68   1.2414714902120283     
          68          69   1.3262007938039049     
          69          70   1.5090353022775107     
          58          71   1.0494462653925010     
          70          71   1.3092079414989084     
          67          72   1.3163634120722034     
          69          72  0.10340450251129833     
          71          72   1.4400273229476226     
          36          73  0.90064164113689571     
           1          74  0.97365268682252348     
           1          75  0.98513412854022242     
           1          76  0.98293400623871119     
           2          77  0.95726328577815778     
           4          78  0.97817991781658409     
           4          79  0.97607627640751016     
           4          80  0.97535648892647386     
           7          81  0.96336491591054252     
           8          82  0.96934918834790573     
           9          83  0.96510797813638427     
          13          84  0.96957784258460378     
          13          85  0.95954056955331879     
          14          86  0.98528990709417741     
          14          87  0.98516992168530426     
          14          88  0.98551043308380315     
          16          89  0.96812032146889238     
          16          90  0.96333792037815325     
          18          91  0.98333670805566520     
          18          92  0.98513765027413713     
          18          93  0.98528501148439751     
          19          94  0.98236706363857873     
          19          95  0.98436744602592385     
          19          96  0.98392173128057547     
          20          97  0.96593525194934760     
          20          98  0.96204264485214730     
          23          99  0.93465763108004252     
          24         100  0.91003748631988834     
          27         101  0.94410891971201782     
          28         102  0.92353181842213938     
          30         103  0.94788895730452338     
          31         104  0.96456594234683735     
          32         105  0.98559480666268773     
          32         106  0.98312654175891812     
          32         107  0.98509870866517912     
          33         108  0.98552980625474351     
          33         109  0.98431754557489137     
          33         110  0.98427577780979547     
          37         111  0.96307833652792185     
          37         112  0.96633926265130332     
          38         113  0.95785176649402815     
          38         114  0.96435640134661993     
          45         115  0.97964086047458532     
          45         116  0.98030539570724728     
          45         117  0.97227405307649917     
          46         118  0.98095342181484657     
          46         119  0.97698965219745093     
          46         120  0.97260464001182334     
          47         121  0.97986866179768106     
          47         122  0.98428879008382630     
          47         123  0.98491823338293438     
          48         124  0.98204899791919142     
          48         125  0.98528663417323770     
          48         126  0.98587915147926164     
          50         127  0.96345520018501662     
          50         128  0.96364501704815742     
          51         129  0.97209037970750645     
          51         130  0.96971957773109407     
          53         131  0.96526232711223481     
          53         132  0.97050914786650411     
          53         133  0.97179830783491949     
          55         134  0.96699751427736724     
          55         135  0.97451040663616229     
          56         136  0.95692008387006555     
          57         137  0.96986819659938128     
          57         138  0.95623890868740524     
          59         139  0.97089687903235622     
          59         140  0.95273318554625741     
          60         141  0.96613199686089291     
          60         142  0.97004828431477419     
          63         143  0.96614038404380786     
          63         144  0.96954163292124251     
          64         145  0.97724885757437163     
          64         146  0.97437777401766457     
          65         147  0.97428193563012055     
          65         148  0.97334419371197822     
          69         149  0.96638871691080841     
          70         150  0.96795874378523994     
          72         151  0.95943137628473418     
