   -0.11808131
    0.10993349
   -0.31742413
    0.04420966
    0.08610073
   -0.23723288
    0.05732334
   -0.04362680
   -0.01476297
    0.00705932
    0.02651746
   -0.02632185
   -0.00071159
   -0.10927911
   -0.03949089
   -0.07226547
    0.02274406
   -0.11219261
   -0.10670918
    0.06487730
   -0.25800925
    0.35287902
    0.02666248
   -0.19484267
   -0.02283099
    0.24209762
    0.02635283
   -0.16430782
    0.27180251
    0.00942896
   -0.01468361
   -0.11070892
   -0.11265638
   -0.07251047
    0.24806482
    0.15251567
   -0.06423268
   -0.00020106
   -0.09135763
    0.28978631
   -0.07710885
   -0.02752339
    0.10298476
   -0.17398937
   -0.03244021
   -0.03135055
   -0.10772528
   -0.10889844
   -0.46013841
    0.00211323
   -0.06872885
   -0.46551411
   -0.05741540
   -0.46194758
   -0.07242267
    0.11063370
    0.01033123
   -0.16673158
   -0.00008891
    0.07871675
   -0.31960616
   -0.43756266
   -0.01026231
   -0.06268182
   -0.06630759
   -0.40279824
   -0.02838711
    0.03396718
   -0.04629131
   -0.05925445
    0.04711355
   -0.07307264
   -0.27159489
    0.03860913
    0.03928768
    0.07550921
    0.03806452
    0.02978830
    0.05313957
    0.02722692
    0.03879603
    0.03648186
    0.03523732
    0.04423114
    0.07375652
    0.04136148
    0.04696510
    0.03744692
    0.04401849
    0.05750142
    0.04183469
    0.03457618
    0.04264354
    0.03808938
    0.04604489
    0.03993349
    0.05795386
    0.06461283
    0.02579893
    0.18713702
    0.06308681
    0.20471896
    0.07833686
    0.04803178
    0.04196344
    0.04328594
    0.04371151
    0.04974411
    0.04131049
    0.04172034
    0.06005179
    0.06655152
    0.05518965
    0.05575594
    0.01599852
    0.04033778
    0.03853292
    0.03738868
    0.04059509
    0.01803117
    0.04366157
    0.05383897
    0.04172462
    0.04183682
    0.04147976
    0.05322372
    0.04806264
    0.09334871
    0.05912895
    0.05594581
    0.07448275
    0.08065115
    0.06018209
    0.08154354
    0.04576456
    0.02393724
    0.03519951
    0.02540285
    0.03552375
    0.04931292
    0.02369374
    0.05248508
    0.07900371
    0.06523050
    0.04214508
    0.04944103
    0.06369613
    0.05560371
    0.02543644
    0.02108122
    0.02760883
