           1           2  0.98221795372456766     
           2           3  0.96350227739972949     
           3           4  0.99973215146301375     
           2           5  0.98253543453678183     
           5           6   1.4143267231901757     
           6           7   1.4427815033365232     
           5           8  0.10808830538112239     
           7           8   1.4170680951427013     
           8           9   1.4493576973787805     
           5          10   1.3625064450683737     
           7          10  0.11148759847027066     
           9          10   1.3958142027239777     
          10          11   1.0186472968312907     
          11          12   1.1687893282240251     
          12          13  0.99330770990715833     
          13          14   1.0061259296232747     
          11          15   1.5119869462621198     
          15          16   1.0180123979795261     
          16          17  0.96841383080931798     
          17          18  0.99718454207405915     
          17          19  0.99882826119638457     
          17          20  0.97044346400731119     
          20          21  0.92638552898170246     
          21          22   1.1596007424527801     
          22          23  0.93999544417609737     
          23          24  0.98768571276368256     
          24          25   1.0053749209221867     
          25          26   1.2546231331150142     
          26          27  0.92078652064160471     
          27          28  0.97503167627544185     
          28          29   1.2963554839919702     
          29          30  0.93485177698923116     
          30          31  0.96640762284797244     
          31          32   1.0071876520945315     
          31          33   1.0069047414762304     
          30          34  0.96470206510073664     
          34          35   1.2941301105462799     
          35          36  0.92649417216921737     
          36          37  0.98304097987518313     
          37          38  0.99643049392011418     
          38          39  0.99565596699017656     
          39          40   1.2342473864816181     
          40          41   1.0270758879316331     
          41          42   2.7510598888746327     
          42          43   1.0139878302824648     
          43          44  0.96480238309611921     
          44          45   1.0141849786172852     
          44          46   1.0134245468358805     
          43          47  0.97234148605605419     
          43          48  0.97589120228308557     
          39          49  0.19226901438696736     
          40          49   1.6100855554000164     
          39          50  0.98910460405554446     
          36          51  0.97360530628012643     
          50          51  0.99321948620463174     
          34          52  0.20167446402461614     
          35          52   1.6239822772194537     
          34          53  0.99464982907804034     
          28          54  0.19871741049856287     
          29          54   1.6334833066750623     
          27          55  0.99163154426693434     
          55          56  0.98653009718531592     
          56          57  0.98288869478952590     
          57          58   1.0028213287853422     
          58          59  0.98444644704144524     
          59          60  0.99496044887349000     
          56          61  0.97509181416720825     
          60          61  0.98381112925810166     
          25          62  0.20313518459878135     
          26          62   1.6655642876048053     
          25          63  0.97333682059328719     
          63          64  0.99626045079275627     
          23          65  0.99113416507036145     
          64          65   1.0084038356682119     
          21          66  0.18022927825327256     
          22          66   1.7500387286169763     
          15          67   1.2127873026075884     
          12          68   1.1712136596984957     
          67          68   1.2422357071140875     
          68          69   1.3259791990229144     
          69          70   1.5091740909772200     
          58          71   1.0510478783698931     
          70          71   1.3088662655936716     
          67          72   1.3165844294593894     
          69          72  0.10332242780964306     
          71          72   1.4394959147404807     
          36          73  0.90090748588563718     
           1          74  0.98516491998878686     
           1          75  0.98295179111796394     
           1          76  0.97366868098724579     
           2          77  0.95763217039828030     
           4          78  0.97547378942228646     
           4          79  0.97819539873243533     
           4          80  0.97626567003278908     
           7          81  0.96334935747265948     
           8          82  0.96933980478209991     
           9          83  0.96514299100782863     
          13          84  0.96959665730372657     
          13          85  0.96062282578035740     
          14          86  0.98558172527544419     
          14          87  0.98526318791403056     
          14          88  0.98520835146561525     
          16          89  0.96790707076037663     
          16          90  0.96317439357734247     
          18          91  0.98412385446797557     
          18          92  0.98212007183878580     
          18          93  0.98434682090422276     
          19          94  0.98531148628059939     
          19          95  0.98343461385847342     
          19          96  0.98500701470472407     
          20          97  0.96586565912234690     
          20          98  0.96193694142368347     
          23          99  0.93593429333394274     
          24         100  0.91083607191403348     
          27         101  0.94406637636068624     
          28         102  0.92403753437790159     
          30         103  0.94868693534012238     
          31         104  0.96450111763630919     
          32         105  0.98313268375642127     
          32         106  0.98514541124200550     
          32         107  0.98560733831686886     
          33         108  0.98437540692743375     
          33         109  0.98425135602031000     
          33         110  0.98558934633267603     
          37         111  0.97218023397829822     
          37         112  0.96936558847686349     
          38         113  0.96397416891979382     
          38         114  0.96372990983170814     
          45         115  0.97485915796284695     
          45         116  0.97991051684115882     
          45         117  0.98107924633571320     
          46         118  0.98127626394966250     
          46         119  0.97984487697307021     
          46         120  0.97387905600985558     
          47         121  0.98330279311271573     
          47         122  0.98222523018596353     
          47         123  0.98435642536432444     
          48         124  0.98393021024036420     
          48         125  0.98425566881558380     
          48         126  0.98278148798479736     
          50         127  0.96483030508445178     
          50         128  0.95792546107179610     
          51         129  0.96283465967690951     
          51         130  0.96614721656486546     
          53         131  0.97159355812420101     
          53         132  0.96577370929213247     
          53         133  0.97067302497123753     
          55         134  0.96690786528696604     
          55         135  0.97445430749236750     
          56         136  0.95687786763881388     
          57         137  0.96966734149931100     
          57         138  0.95651046925156002     
          59         139  0.97099510009543444     
          59         140  0.95302969926510861     
          60         141  0.96609299447092478     
          60         142  0.97005620842166673     
          63         143  0.96609455470355077     
          63         144  0.96959748136620938     
          64         145  0.97725629712811579     
          64         146  0.97434222291402584     
          65         147  0.97411079553594482     
          65         148  0.97351622717151787     
          69         149  0.96581226553184629     
          70         150  0.96800614641141225     
          72         151  0.95953135905981690     
