   -0.11787980
    0.11627569
   -0.31614037
    0.04511984
    0.08764879
   -0.21984957
    0.05643406
   -0.04346391
   -0.01752650
    0.00141407
    0.02042437
   -0.04538047
    0.00758201
   -0.11045932
   -0.03496535
   -0.07406176
    0.02119136
   -0.10913111
   -0.11515433
    0.06829104
   -0.24784405
    0.35469205
    0.02008769
   -0.18293646
   -0.01879650
    0.24010201
    0.02161893
   -0.17377333
    0.27141458
    0.00307842
   -0.01210068
   -0.11110913
   -0.11587200
   -0.07240760
    0.24821430
    0.15316362
   -0.06498225
   -0.00013403
   -0.09579625
    0.28869946
   -0.07572333
   -0.02723019
    0.10229751
   -0.17197374
   -0.03389592
   -0.03232961
   -0.10896641
   -0.10882663
   -0.44493751
    0.00362700
   -0.06388758
   -0.46383534
   -0.04854116
   -0.44191291
   -0.07428213
    0.10954096
    0.00342336
   -0.16820259
    0.00041800
    0.08131843
   -0.33133543
   -0.45387649
   -0.01050585
   -0.06234596
   -0.06390413
   -0.41039879
   -0.02140743
    0.03181358
   -0.05071998
   -0.05301596
    0.05323535
   -0.05677508
   -0.26567970
    0.06674774
    0.04735624
    0.04010789
    0.01716427
    0.02816783
    0.05651333
    0.02927675
    0.04221421
    0.03821968
    0.03712968
    0.04731425
    0.03793950
    0.04340226
    0.05668457
    0.04280820
    0.05963023
    0.04730090
    0.04002520
    0.04146617
    0.04596093
    0.03459652
    0.03678319
    0.04744122
    0.06579975
    0.04599804
    0.04890444
    0.16428450
    0.07122252
    0.19933803
    0.08157662
    0.03980241
    0.04428836
    0.04048719
    0.04484238
    0.04280583
    0.04868700
    0.04640285
    0.06898440
    0.05799722
    0.05575892
    0.05632048
    0.03826060
    0.04319002
    0.01939704
    0.03944031
    0.01245453
    0.03988809
    0.03785073
    0.04291168
    0.05281951
    0.04744843
    0.05097860
    0.04316573
    0.08002139
    0.05082660
    0.04677456
    0.05761612
    0.05665601
    0.08212924
    0.06893590
    0.05529227
    0.04784779
    0.03152091
    0.05649010
    0.03741920
    0.04296421
    0.03064948
    0.04325812
    0.01849358
    0.08327910
    0.06325347
    0.04506348
    0.05062151
    0.05433693
    0.05650515
    0.02582439
    0.03789061
    0.03392105
