           1           2   1.0005753502049135     
           2           3  0.96280841657221949     
           3           4  0.99712557427214632     
           2           5  0.97603605281119676     
           5           6   1.4307880676433276     
           6           7   1.4340120785436694     
           5           8  0.11063965916632966     
           7           8   1.4267172802621122     
           8           9   1.4364243751746770     
           5          10   1.3528259881903095     
           7          10  0.11362515440313248     
           9          10   1.4098783192478312     
          10          11   1.0130431370336532     
          11          12   1.1543063096068575     
          12          13  0.99564103647211144     
          13          14   1.0049500838947512     
          11          15   1.5257196121749539     
          15          16   1.0194264091192420     
          16          17  0.96555016809389560     
          17          18  0.99947812771341071     
          17          19  0.99835185797528947     
          17          20  0.97579953488704052     
          20          21  0.92634616969367323     
          21          22   1.1700238792881328     
          22          23  0.93954417467180540     
          23          24  0.99196083088059406     
          24          25   1.0048068253095510     
          25          26   1.2654146818663305     
          26          27  0.93714933260440025     
          27          28  0.99479521429519224     
          28          29   1.2671779173746411     
          29          30  0.93266466709971496     
          30          31  0.96491992503143587     
          31          32   1.0071420946217933     
          31          33   1.0069351470517049     
          30          34  0.96917579114322383     
          34          35   1.2888699122416456     
          35          36  0.92598113393850146     
          36          37  0.98209343028759155     
          37          38  0.99495404547396737     
          38          39  0.99647089962027013     
          39          40   1.2152588083286739     
          40          41   1.0237524367289277     
          41          42   2.7560638571023510     
          42          43   1.0125066604345239     
          43          44  0.96200628347357009     
          44          45   1.0129792148670327     
          44          46   1.0153460936889800     
          43          47  0.97607355989448230     
          43          48  0.97651727178739711     
          39          49  0.19542176728217375     
          40          49   1.6376262287492191     
          39          50  0.99313283085363080     
          36          51  0.96909934445285628     
          50          51  0.99347716493589366     
          34          52  0.20077766803072242     
          35          52   1.6362385635678574     
          34          53  0.99176704807134286     
          28          54  0.19896021124676067     
          29          54   1.6755551837415286     
          27          55  0.96324331307480449     
          55          56  0.98401005594058222     
          56          57  0.97545774799527096     
          57          58  0.99395724123289275     
          58          59   1.0049103202570320     
          59          60  0.98009554083756534     
          56          61  0.96709589547055830     
          60          61  0.98546129854162801     
          25          62  0.20091198353985418     
          26          62   1.6363743399273871     
          25          63  0.97414275381730109     
          63          64  0.99805008658746430     
          23          65  0.98180046903903095     
          64          65   1.0070184903407948     
          21          66  0.18183800739883726     
          22          66   1.7400668216234665     
          15          67   1.2030825268924088     
          12          68   1.1605704679624953     
          67          68   1.2470209933559555     
          68          69   1.3311620462058138     
          69          70   1.5033056449416684     
          58          71   1.0225685281606529     
          70          71   1.3228602032353853     
          67          72   1.3270217784462803     
          69          72  0.10693123759430120     
          71          72   1.4578150787383770     
          36          73  0.90954954255250753     
           1          74  0.98356790922641679     
           1          75  0.98438166699486307     
           1          76  0.98363767415208336     
           2          77  0.94992837131996488     
           4          78  0.97552708623450390     
           4          79  0.97853258853824188     
           4          80  0.97679440320482080     
           7          81  0.96323741230327076     
           8          82  0.96948438280928295     
           9          83  0.96655589427180244     
          13          84  0.96891781705481350     
          13          85  0.96957500440864652     
          14          86  0.98594350898203875     
          14          87  0.98524929903578440     
          14          88  0.98522273856800324     
          16          89  0.95985778354281437     
          16          90  0.97016917913424605     
          18          91  0.98488303569409830     
          18          92  0.98551644454902310     
          18          93  0.98368981159269020     
          19          94  0.98448876494321547     
          19          95  0.97764552408060768     
          19          96  0.98357011421546647     
          20          97  0.95722685607202029     
          20          98  0.96531069156016125     
          23          99  0.93331825151354708     
          24         100  0.93054257400551865     
          27         101  0.94147711158452485     
          28         102  0.92301256059402759     
          30         103  0.94564661093924895     
          31         104  0.96195760098002148     
          32         105  0.98596179353601299     
          32         106  0.98469769138783758     
          32         107  0.98465123507308938     
          33         108  0.98527431313695757     
          33         109  0.98397645386249932     
          33         110  0.98321816937014794     
          37         111  0.97056393453367207     
          37         112  0.97227139288091990     
          38         113  0.96296949373712437     
          38         114  0.96499336965498084     
          45         115  0.98106231669799060     
          45         116  0.97984891406593055     
          45         117  0.97525293806459423     
          46         118  0.98082521788558685     
          46         119  0.97442975864559522     
          46         120  0.97948080528708459     
          47         121  0.98353813412395941     
          47         122  0.98427336816947397     
          47         123  0.98305023485880061     
          48         124  0.98345085571792290     
          48         125  0.98274216621923893     
          48         126  0.98403978113570867     
          50         127  0.96330882425014530     
          50         128  0.96607154950341612     
          51         129  0.97103477492568613     
          51         130  0.97341242691451013     
          53         131  0.97442658867511223     
          53         132  0.96985213709853080     
          53         133  0.97386825694379120     
          55         134  0.97072361948637043     
          55         135  0.96885249706960930     
          56         136  0.95695882910133678     
          57         137  0.96853514953133890     
          57         138  0.96954300629682999     
          59         139  0.97477792867167545     
          59         140  0.97063975604297092     
          60         141  0.97208708124513832     
          60         142  0.97142317767313102     
          63         143  0.96476770979475934     
          63         144  0.96727693042039276     
          64         145  0.97690473955037993     
          64         146  0.97382432086810677     
          65         147  0.97594168581619489     
          65         148  0.97356026679480845     
          69         149  0.96635835432790418     
          70         150  0.96883716846337409     
          72         151  0.96022299468117667     
