   -0.11570530
    0.11615480
   -0.31403168
    0.04332516
    0.08745123
   -0.21278141
    0.05670389
   -0.04319192
   -0.01870126
   -0.00268420
    0.01865887
   -0.04525517
    0.00352524
   -0.10982150
   -0.03849057
   -0.07059216
    0.02310592
   -0.11277425
   -0.11346387
    0.07570473
   -0.25033524
    0.35116395
    0.02862074
   -0.19641561
   -0.02200986
    0.24216679
    0.02806885
   -0.16850876
    0.27089387
    0.00373693
   -0.01190978
   -0.11033711
   -0.11121647
   -0.07969666
    0.25106593
    0.15598422
   -0.06359993
    0.00349567
   -0.09543663
    0.28883459
   -0.07610361
   -0.02749647
    0.10256016
   -0.17264222
   -0.03251121
   -0.03425909
   -0.10912007
   -0.10841531
   -0.44441277
    0.00006706
   -0.06815037
   -0.46797638
   -0.04817089
   -0.44426595
   -0.06869746
    0.11276858
    0.00818864
   -0.15642954
    0.00534558
    0.07830819
   -0.32404751
   -0.43642707
   -0.01061349
   -0.06179703
   -0.06474245
   -0.41182035
   -0.02434307
    0.02589089
   -0.05198922
   -0.05629787
    0.05327828
   -0.06223532
   -0.27054785
    0.04095990
    0.07046382
    0.03536438
    0.01436794
    0.02634731
    0.05696060
    0.03227514
    0.04254824
    0.03823150
    0.03741559
    0.04545712
    0.05040591
    0.04934293
    0.04115962
    0.04523598
    0.06119923
    0.04239366
    0.03750715
    0.04638915
    0.03812313
    0.04697109
    0.03939799
    0.04524114
    0.06006215
    0.04827535
    0.02788717
    0.19443941
    0.07110522
    0.20312938
    0.08004304
    0.05198519
    0.03625657
    0.04403027
    0.04127545
    0.04574448
    0.04714647
    0.03886351
    0.04853609
    0.06170583
    0.04955968
    0.08122667
    0.03929245
    0.01493172
    0.03993091
    0.04150456
    0.02197366
    0.03844509
    0.05314797
    0.03945495
    0.04027447
    0.04687188
    0.05231464
    0.04132705
    0.05235597
    0.05701191
    0.07202813
    0.06135838
    0.06021971
    0.06784642
    0.07696422
    0.06971866
    0.05184650
    0.02325777
    0.03179456
    0.02612022
    0.04361769
    0.03165431
    0.02304673
    0.05850436
    0.07960450
    0.06513966
    0.04142140
    0.04816140
    0.05809611
    0.04896415
    0.02434574
    0.02913582
    0.01868905
