           1           2  0.99451177715765227     
           2           3  0.96320976679942760     
           3           4  0.99638806328658536     
           2           5  0.97606332852435251     
           5           6   1.4253113991333357     
           6           7   1.4436995742927758     
           5           8  0.10992158625606056     
           7           8   1.4158307990691772     
           8           9   1.4497143414602447     
           5          10   1.3594900624202577     
           7          10  0.11066230167824666     
           9          10   1.3947643238052425     
          10          11   1.0259604538639286     
          11          12   1.1567546615144273     
          12          13  0.99564299332639705     
          13          14   1.0047341733867339     
          11          15   1.5130523703442440     
          15          16   1.0198186583578657     
          16          17  0.96453710354376643     
          17          18  0.99822731658353703     
          17          19  0.99772137024887675     
          17          20  0.98161189761085543     
          20          21  0.92584495499460528     
          21          22   1.1653798060267642     
          22          23  0.94260397758151926     
          23          24  0.99534562005280625     
          24          25   1.0068455046561933     
          25          26   1.2497927688881258     
          26          27  0.92148963713364229     
          27          28  0.98033730036297762     
          28          29   1.2886480790254358     
          29          30  0.92756811806922579     
          30          31  0.97928966437117382     
          31          32   1.0085917805545062     
          31          33   1.0054905204559852     
          30          34  0.95398608731239654     
          34          35   1.2937901702314547     
          35          36  0.93058390474333008     
          36          37  0.96778340736473867     
          37          38  0.99408328655200673     
          38          39  0.99283968228828656     
          39          40   1.2154078868110059     
          40          41   1.0239755622254705     
          41          42   2.7556002949590948     
          42          43   1.0125021083044536     
          43          44  0.96469195480591308     
          44          45   1.0143401092120667     
          44          46   1.0125443799536218     
          43          47  0.97628919617575782     
          43          48  0.97393825058516659     
          39          49  0.19515988212387983     
          40          49   1.6373222765062920     
          39          50  0.99672886930205296     
          36          51  0.97986975227729534     
          50          51  0.99566159819642963     
          34          52  0.19662660461780326     
          35          52   1.6225739892316227     
          34          53  0.99080976312191615     
          28          54  0.20172415464922963     
          29          54   1.6546949854877993     
          27          55  0.98932327045589430     
          55          56  0.99067572089614653     
          56          57  0.97929235119161939     
          57          58   1.0038209058898686     
          58          59  0.98822867988373508     
          59          60  0.99495205086211613     
          56          61  0.97483930938885976     
          60          61  0.98333560352598925     
          25          62  0.20175824143121679     
          26          62   1.6702386168022481     
          25          63  0.97477748905403672     
          63          64  0.99637548118860519     
          23          65  0.98663851413592607     
          64          65   1.0066624555178307     
          21          66  0.18047812132342081     
          22          66   1.7384632641601414     
          15          67   1.2110584677028675     
          12          68   1.1581958792689686     
          67          68   1.2461951950392569     
          68          69   1.3280393945073197     
          69          70   1.5106731200893040     
          58          71   1.0618323267560617     
          70          71   1.3043185680849252     
          67          72   1.3208070491973414     
          69          72  0.10351832622115174     
          71          72   1.4415943272458607     
          36          73  0.90542402083448992     
           1          74  0.98342371088527236     
           1          75  0.98232298357811643     
           1          76  0.98437227416561823     
           2          77  0.95447813540959769     
           4          78  0.97593753626124580     
           4          79  0.97869323615953741     
           4          80  0.97652999105308691     
           7          81  0.96316947429441635     
           8          82  0.96938400078093645     
           9          83  0.96802682523116612     
          13          84  0.96778017678909800     
          13          85  0.96870577048255480     
          14          86  0.98642843657561263     
          14          87  0.98554498552611824     
          14          88  0.98497673091438831     
          16          89  0.96247277756173832     
          16          90  0.96807128425153710     
          18          91  0.98382885952216492     
          18          92  0.98248839758392148     
          18          93  0.98494402309945173     
          19          94  0.98427957238730912     
          19          95  0.98485174417359900     
          19          96  0.98483597436859238     
          20          97  0.96285272719036175     
          20          98  0.96596458790490536     
          23          99  0.92816507078495891     
          24         100  0.90818180543050553     
          27         101  0.93933270807457514     
          28         102  0.91886291969597911     
          30         103  0.94619438205602857     
          31         104  0.96003312313606104     
          32         105  0.98546938629537018     
          32         106  0.98533710838488020     
          32         107  0.98613205297079820     
          33         108  0.98532621500955442     
          33         109  0.98467396566473764     
          33         110  0.98622542404109015     
          37         111  0.97314672870892793     
          37         112  0.97309509803206629     
          38         113  0.96586603153717299     
          38         114  0.96293497434271891     
          45         115  0.98096559201608269     
          45         116  0.97486943616044774     
          45         117  0.97964802455601352     
          46         118  0.98000143885541025     
          46         119  0.97516307442478811     
          46         120  0.98110652019313460     
          47         121  0.98312079206548453     
          47         122  0.98377881182594795     
          47         123  0.98453745278234905     
          48         124  0.98347301632273898     
          48         125  0.98230922773592155     
          48         126  0.98434245234777284     
          50         127  0.96504699332161514     
          50         128  0.96270569211514645     
          51         129  0.96971988027651213     
          51         130  0.96960824257767020     
          53         131  0.97607517959477841     
          53         132  0.97299995694584374     
          53         133  0.97342919011794682     
          55         134  0.96796754543020913     
          55         135  0.97141400151762136     
          56         136  0.95604087232849122     
          57         137  0.97147145608910956     
          57         138  0.95338283272085200     
          59         139  0.96950749506733158     
          59         140  0.96393973961212209     
          60         141  0.96565469500051138     
          60         142  0.96568826780375239     
          63         143  0.96623755586800963     
          63         144  0.96966986314845993     
          64         145  0.97757119499096445     
          64         146  0.97477654194747376     
          65         147  0.97558157963190162     
          65         148  0.97375118039186526     
          69         149  0.96609388627354309     
          70         150  0.96719003571268525     
          72         151  0.96240646531026008     
