   -0.11568363
    0.11379534
   -0.31685016
    0.04530241
    0.08523758
   -0.21818167
    0.05526166
   -0.04223923
   -0.01418698
    0.00209757
    0.03557363
   -0.03933116
    0.00324836
   -0.11248985
   -0.04503411
   -0.06624417
    0.02260597
   -0.12149837
   -0.10529910
    0.06570577
   -0.25948633
    0.35292402
    0.02587566
   -0.19168106
   -0.02072915
    0.24214805
    0.02729963
   -0.16538734
    0.27172858
    0.00855743
   -0.01472101
   -0.11112098
   -0.11470240
   -0.07155507
    0.24999591
    0.15285417
   -0.07123294
    0.00491072
   -0.09023114
    0.29013475
   -0.07424714
   -0.01712185
    0.10172325
   -0.17356801
   -0.02865135
   -0.03099721
   -0.10794564
   -0.10621706
   -0.45034363
    0.00055528
   -0.06384596
   -0.46495696
   -0.05838563
   -0.46414151
   -0.07255882
    0.11044252
    0.00893381
   -0.16172009
   -0.00595582
    0.07859118
   -0.32223982
   -0.43980491
   -0.01063021
   -0.06274280
   -0.06646603
   -0.40018589
   -0.02779651
    0.02782862
   -0.05547446
   -0.06029650
    0.04862534
   -0.07431218
   -0.26998891
    0.03927996
    0.03584777
    0.07051216
    0.01869578
    0.03089032
    0.02218134
    0.05716658
    0.03779673
    0.03575310
    0.06070462
    0.04853665
    0.05707960
    0.05071161
    0.04323340
    0.03957213
    0.04312745
    0.03681581
    0.06117327
    0.04325630
    0.03544385
    0.03777491
    0.03632173
    0.04471243
    0.06189164
    0.06263893
    0.02474468
    0.18310399
    0.06155592
    0.20603138
    0.08054931
    0.04574946
    0.04253438
    0.04329190
    0.04409524
    0.04094531
    0.05036562
    0.04504306
    0.06271335
    0.05864555
    0.07936378
    0.05036456
    0.01114569
    0.03995330
    0.03893054
    0.01152606
    0.03858014
    0.04223557
    0.04389303
    0.05143784
    0.04526404
    0.03976706
    0.03819207
    0.03541175
    0.05468481
    0.05584955
    0.06237982
    0.06573370
    0.07761475
    0.07656864
    0.06176724
    0.08071101
    0.04581762
    0.02462420
    0.03648300
    0.02699887
    0.03740005
    0.05954809
    0.02391880
    0.05061926
    0.07942344
    0.06567522
    0.04213297
    0.04973302
    0.06544678
    0.05472022
    0.03447847
    0.02283529
    0.02480605
