           1           2  0.99674414662239885     
           2           3  0.95727958085011033     
           3           4  0.99852279858508275     
           2           5  0.97470344327705960     
           5           6   1.4282077107435638     
           6           7   1.4374480102537177     
           5           8  0.10953509182848728     
           7           8   1.4218176731958341     
           8           9   1.4457733826180093     
           5          10   1.3557717461865659     
           7          10  0.10964113230610661     
           9          10   1.3993377906643825     
          10          11   1.0256120529067683     
          11          12   1.1627686242144206     
          12          13  0.99009331599329298     
          13          14   1.0089776983135548     
          11          15   1.5156679310305337     
          15          16   1.0163216851934880     
          16          17  0.96890847496845067     
          17          18  0.99855479776969081     
          17          19  0.99817765510589662     
          17          20  0.96967694379040248     
          20          21  0.92520675832450083     
          21          22   1.1602104505239648     
          22          23  0.93778936752967090     
          23          24  0.98553942453746890     
          24          25   1.0056983440879186     
          25          26   1.2572678277786524     
          26          27  0.92183806276349278     
          27          28  0.97533596221856778     
          28          29   1.2955965673029788     
          29          30  0.93418144060973995     
          30          31  0.96737140533278687     
          31          32   1.0065774024525125     
          31          33   1.0070660771378035     
          30          34  0.96486929047331516     
          34          35   1.2945453146070220     
          35          36  0.92591835493150221     
          36          37  0.97363757638460435     
          37          38  0.99508313152945338     
          38          39  0.99007741903906721     
          39          40   1.2313579127042045     
          40          41   1.0211924609903784     
          41          42   2.7574796521173055     
          42          43   1.0175838742183345     
          43          44  0.97030486915188352     
          44          45   1.0155878488048951     
          44          46   1.0163895338999618     
          43          47  0.97372336387866487     
          43          48  0.96349687410995288     
          39          49  0.19648035938679548     
          40          49   1.6228655452462726     
          39          50  0.99518733502311019     
          36          51  0.98397200310687560     
          50          51  0.99711103797251832     
          34          52  0.20210723127759361     
          35          52   1.6257493492734783     
          34          53  0.99509487043736000     
          28          54  0.19844439942834891     
          29          54   1.6370425306192122     
          27          55  0.99129112389430984     
          55          56  0.98696972527133076     
          56          57  0.98294302454869831     
          57          58   1.0029105296043812     
          58          59  0.98342457582107745     
          59          60  0.99528611128811884     
          56          61  0.97394610268176618     
          60          61  0.98254655386896139     
          25          62  0.20355519685393908     
          26          62   1.6618248949969066     
          25          63  0.97319644053200871     
          63          64  0.99637962458927654     
          23          65  0.99168441806759866     
          64          65   1.0085054246493703     
          21          66  0.18130395465954544     
          22          66   1.7531155372498077     
          15          67   1.2073739317802057     
          12          68   1.1623654382575594     
          67          68   1.2427046916973168     
          68          69   1.3311318226409870     
          69          70   1.5038155132639459     
          58          71   1.0590974998355680     
          70          71   1.3109481779110466     
          67          72   1.3235895172051062     
          69          72  0.10253926172729685     
          71          72   1.4327366262978525     
          36          73  0.90116465708786919     
           1          74  0.98407116823605578     
           1          75  0.98396400235546555     
           1          76  0.98217410421619122     
           2          77  0.95159177953310303     
           4          78  0.97630308454830461     
           4          79  0.97546055771646378     
           4          80  0.97830048340778597     
           7          81  0.96350274156186433     
           8          82  0.96949190221733150     
           9          83  0.96373967056514176     
          13          84  0.96972825097491189     
          13          85  0.96043244261299887     
          14          86  0.98190022798545540     
          14          87  0.98126033226932308     
          14          88  0.98499109776886407     
          16          89  0.96626405761379530     
          16          90  0.96733411259688351     
          18          91  0.97172995055632461     
          18          92  0.98390134963897746     
          18          93  0.98433124143282036     
          19          94  0.98459437463764143     
          19          95  0.98553097871976669     
          19          96  0.98367285284834405     
          20          97  0.96588518672297452     
          20          98  0.96346200556073314     
          23          99  0.93933334043864281     
          24         100  0.91559427163295881     
          27         101  0.94403555892630975     
          28         102  0.92216495447965219     
          30         103  0.94663583124944528     
          31         104  0.96440092581254178     
          32         105  0.98292431375697065     
          32         106  0.98528893832670161     
          32         107  0.98552597699274724     
          33         108  0.98514339076064417     
          33         109  0.98397231234269666     
          33         110  0.98407939978643777     
          37         111  0.96379539237599909     
          37         112  0.96778526046920210     
          38         113  0.96227160222970765     
          38         114  0.96505592119124295     
          45         115  0.97274878883390814     
          45         116  0.97750473879613198     
          45         117  0.98015619083409078     
          46         118  0.97239696115006047     
          46         119  0.98031586838937879     
          46         120  0.97966478588084105     
          47         121  0.98072770644348117     
          47         122  0.98361685301185786     
          47         123  0.98407629636808169     
          48         124  0.98152288827106338     
          48         125  0.98557267246454583     
          48         126  0.98508952326456412     
          50         127  0.96346529521991742     
          50         128  0.96325300863345220     
          51         129  0.97192536961202514     
          51         130  0.97070989556317344     
          53         131  0.97200268438495541     
          53         132  0.96645897698087646     
          53         133  0.97033369511755485     
          55         134  0.96709580436434983     
          55         135  0.97443694121791080     
          56         136  0.95673336886916127     
          57         137  0.96927432268256652     
          57         138  0.95685161412633879     
          59         139  0.97044462516286423     
          59         140  0.95332376843193101     
          60         141  0.96614792817464579     
          60         142  0.97032673474382258     
          63         143  0.96591406233907284     
          63         144  0.96937524174066936     
          64         145  0.97726181656861288     
          64         146  0.97425283641530536     
          65         147  0.97369987038628092     
          65         148  0.97368574727830637     
          69         149  0.96276376914096518     
          70         150  0.96698671876343489     
          72         151  0.95942474639587449     
