   -0.11766254
    0.10985041
   -0.31734661
    0.04418977
    0.08610376
   -0.23714293
    0.05733900
   -0.04359408
   -0.01466775
    0.00704993
    0.02616621
   -0.02690970
   -0.00134541
   -0.10923479
   -0.03960286
   -0.07223891
    0.02278523
   -0.10674438
   -0.11217424
    0.06495516
   -0.25754501
    0.35287633
    0.02684354
   -0.19612917
   -0.02344051
    0.24171795
    0.02601382
   -0.16427189
    0.27180813
    0.00956719
   -0.01458015
   -0.11087584
   -0.11269367
   -0.07289575
    0.24816636
    0.15249038
   -0.06431411
   -0.00010821
   -0.09162646
    0.28964069
   -0.07702114
   -0.02742581
    0.10272461
   -0.17309813
   -0.03240462
   -0.03295407
   -0.10934108
   -0.10734776
   -0.45991880
    0.00258423
   -0.06932658
   -0.46460371
   -0.05784557
   -0.46173933
   -0.07258894
    0.11063064
    0.01036728
   -0.16758710
    0.00069072
    0.07875550
   -0.31945149
   -0.43758595
   -0.01004003
   -0.06263862
   -0.06627515
   -0.40315105
   -0.02857507
    0.03376416
   -0.04609144
   -0.05946094
    0.04699977
   -0.07303003
   -0.27167758
    0.03954070
    0.07419907
    0.03886190
    0.03808623
    0.02977624
    0.05314232
    0.02726241
    0.03886199
    0.03656887
    0.03537399
    0.04400305
    0.07494365
    0.03737658
    0.04134455
    0.04698218
    0.04441685
    0.05712988
    0.03796229
    0.04606253
    0.04008813
    0.04176569
    0.03455816
    0.04263208
    0.05775895
    0.06467711
    0.02603285
    0.18825844
    0.06376553
    0.20451026
    0.07857102
    0.04782490
    0.04329852
    0.04392195
    0.04237151
    0.04990013
    0.04084123
    0.04176588
    0.06047244
    0.06635250
    0.05481158
    0.05577531
    0.01412958
    0.04053618
    0.03895827
    0.01906180
    0.03780979
    0.04143608
    0.04028621
    0.04196528
    0.05324533
    0.04182856
    0.04499372
    0.05327385
    0.04797097
    0.09244888
    0.05903872
    0.05687467
    0.06068567
    0.07500614
    0.07981458
    0.08166363
    0.04626470
    0.02387244
    0.03503123
    0.02542361
    0.03507586
    0.04786718
    0.02372140
    0.05252784
    0.07877758
    0.06489820
    0.04231368
    0.04933639
    0.06334773
    0.05574331
    0.02650881
    0.02263736
    0.02801956
