           1           2  0.98224490750207094     
           2           3  0.96378227714357478     
           3           4  0.99970060053376941     
           2           5  0.98247772966765246     
           5           6   1.4145540996294632     
           6           7   1.4426023557242507     
           5           8  0.10812431406905673     
           7           8   1.4172968316095167     
           8           9   1.4491382843177456     
           5          10   1.3625654126857054     
           7          10  0.11156287820837285     
           9          10   1.3962049430981636     
          10          11   1.0182175476427684     
          11          12   1.1687628486940096     
          12          13  0.99319910554412849     
          13          14   1.0061011405660376     
          11          15   1.5123323944079483     
          15          16   1.0179510054399090     
          16          17  0.96848701859482800     
          17          18  0.99883746682837982     
          17          19  0.99721473436386865     
          17          20  0.97035570640271618     
          20          21  0.92659296467348262     
          21          22   1.1597542988899949     
          22          23  0.94011791787466137     
          23          24  0.98794203610004605     
          24          25   1.0052669227788615     
          25          26   1.2547630695250716     
          26          27  0.92036318601443257     
          27          28  0.97457232929501703     
          28          29   1.2965729898190328     
          29          30  0.93524577171237677     
          30          31  0.96612635533279767     
          31          32   1.0071276520398968     
          31          33   1.0068741185182590     
          30          34  0.96487418045891205     
          34          35   1.2929557857969953     
          35          36  0.92627074132201737     
          36          37  0.98323335786226718     
          37          38  0.99656235872761356     
          38          39  0.99555808846387572     
          39          40   1.2335601957630806     
          40          41   1.0264273075233568     
          41          42   2.7527733915823211     
          42          43   1.0134935263812295     
          43          44  0.96436205589019941     
          44          45   1.0145074948926147     
          44          46   1.0132794729697554     
          43          47  0.97664371717676945     
          43          48  0.97253014723513742     
          39          49  0.19274389705027026     
          40          49   1.6115974753005271     
          39          50  0.98919626901881985     
          36          51  0.97388824236806248     
          50          51  0.99333412011567201     
          34          52  0.20156790588460641     
          35          52   1.6254687375025090     
          34          53  0.99465396067437628     
          28          54  0.19841998524794952     
          29          54   1.6318992904898697     
          27          55  0.99194619664748096     
          55          56  0.98658170841860393     
          56          57  0.98291638065902553     
          57          58   1.0027475259463559     
          58          59  0.98461399702544539     
          59          60  0.99493236831745557     
          56          61  0.97509643698125237     
          60          61  0.98398498982564753     
          25          62  0.20325536427629531     
          26          62   1.6654208013838541     
          25          63  0.97334077220420101     
          63          64  0.99629886535197398     
          23          65  0.99110053884513449     
          64          65   1.0083600668098429     
          21          66  0.18020655673423483     
          22          66   1.7496171961675331     
          15          67   1.2126692375979076     
          12          68   1.1709857840894045     
          67          68   1.2426071730208543     
          68          69   1.3259087128926572     
          69          70   1.5093636185741199     
          58          71   1.0495596963647540     
          70          71   1.3092396495218810     
          67          72   1.3164195925147628     
          69          72  0.10345713335825668     
          71          72   1.4402244024973734     
          36          73  0.90049017945591792     
           1          74  0.98292411159836179     
           1          75  0.97441285306372849     
           1          76  0.98514389002498914     
           2          77  0.95762037950548340     
           4          78  0.97545469404306506     
           4          79  0.97815317354311559     
           4          80  0.97617058348159513     
           7          81  0.96335536815958578     
           8          82  0.96933579945918458     
           9          83  0.96516774731379806     
          13          84  0.96956376057422289     
          13          85  0.96041622779199998     
          14          86  0.98527786853655386     
          14          87  0.98557608810724640     
          14          88  0.98533054961696598     
          16          89  0.96787141220939721     
          16          90  0.96332541280335793     
          18          91  0.98531395554330103     
          18          92  0.98341165462493296     
          18          93  0.98500407689163727     
          19          94  0.98410783321032147     
          19          95  0.98210872153914441     
          19          96  0.98434662983449306     
          20          97  0.96593542737815996     
          20          98  0.96204376194664620     
          23          99  0.93565827653387712     
          24         100  0.90867595304270554     
          27         101  0.94428770385794769     
          28         102  0.92427520679572972     
          30         103  0.94854548057282950     
          31         104  0.96440005268101048     
          32         105  0.98513363619718797     
          32         106  0.98559357001597248     
          32         107  0.98308795618395983     
          33         108  0.98433718333112663     
          33         109  0.98428344190375261     
          33         110  0.98555903282113433     
          37         111  0.97210774214389328     
          37         112  0.96921532827509860     
          38         113  0.96387849032652562     
          38         114  0.96372155680888083     
          45         115  0.97484701495122128     
          45         116  0.97976681924292741     
          45         117  0.98102059600548386     
          46         118  0.97482373208730166     
          46         119  0.98119405785853187     
          46         120  0.97987825775096438     
          47         121  0.98388245426083554     
          47         122  0.98425897248713978     
          47         123  0.98298416213231754     
          48         124  0.98432325275916199     
          48         125  0.98345846326270936     
          48         126  0.98214673351132342     
          50         127  0.96460325631969557     
          50         128  0.95814880149752368     
          51         129  0.96257423251015028     
          51         130  0.96619638181757450     
          53         131  0.97071391561391973     
          53         132  0.97167901837311610     
          53         133  0.96556484441513424     
          55         134  0.96688109232948105     
          55         135  0.97447671434666716     
          56         136  0.95692762978886625     
          57         137  0.96984049898154567     
          57         138  0.95632154220845988     
          59         139  0.97109224876475020     
          59         140  0.95295604231143627     
          60         141  0.96608651908418675     
          60         142  0.97004085785166683     
          63         143  0.96612827478284424     
          63         144  0.96959744293637495     
          64         145  0.97724984426751638     
          64         146  0.97436086793536747     
          65         147  0.97418307939276227     
          65         148  0.97348447275650907     
          69         149  0.96647050454931172     
          70         150  0.96812057374717209     
          72         151  0.95943919122219579     
