   -0.11638491
    0.11250865
   -0.31950525
    0.04348228
    0.08861383
   -0.23304529
    0.05748396
   -0.04353280
   -0.01895693
    0.00401599
    0.02373540
   -0.02006617
    0.00180892
   -0.10977091
   -0.04937187
   -0.06512536
    0.02029447
   -0.10451785
   -0.11301270
    0.06354079
   -0.24925730
    0.35549487
    0.02290259
   -0.18640541
   -0.01812282
    0.23908763
    0.02132574
   -0.17780753
    0.27097763
    0.00092143
   -0.01192384
   -0.11004562
   -0.11517123
   -0.07047230
    0.24718531
    0.15290047
   -0.06592111
   -0.00157478
   -0.09482308
    0.29016884
   -0.07246802
   -0.01449138
    0.10097278
   -0.16950704
   -0.03114501
   -0.03095213
   -0.10599968
   -0.10803687
   -0.43981691
    0.00257155
   -0.06377763
   -0.46320227
   -0.04861230
   -0.43928336
   -0.07365858
    0.10784490
    0.00177834
   -0.16223592
   -0.00022910
    0.08086618
   -0.32997073
   -0.45477805
   -0.01043043
   -0.06272996
   -0.06480461
   -0.41293016
   -0.01830087
    0.03171378
   -0.04825967
   -0.05410337
    0.05402448
   -0.05904885
   -0.26617730
    0.05745176
    0.04234136
    0.04308214
    0.03433305
    0.03258493
    0.02745225
    0.05481141
    0.04128534
    0.03728644
    0.03710731
    0.05108412
    0.05516650
    0.03955156
    0.05358066
    0.04181935
    0.03027975
    0.04182917
    0.03533995
    0.03639035
    0.05761032
    0.04274564
    0.03129401
    0.04317715
    0.07103260
    0.05015628
    0.04638894
    0.16760205
    0.07147282
    0.20091069
    0.08389767
    0.03933013
    0.04531837
    0.03821328
    0.04482861
    0.04426307
    0.04762587
    0.04499244
    0.07130460
    0.05661320
    0.05595590
    0.05711421
    0.03903962
    0.04564063
    0.00967206
    0.03839936
    0.01044623
    0.04026687
    0.03703083
    0.03340395
    0.03950032
    0.05571978
    0.04313991
    0.04188423
    0.08049709
    0.05182168
    0.04652949
    0.05859080
    0.07360505
    0.05474545
    0.08024368
    0.05422373
    0.04491778
    0.03664995
    0.05931408
    0.03518360
    0.04423224
    0.03071972
    0.04295929
    0.01659274
    0.08378712
    0.06337095
    0.04521627
    0.05126770
    0.05751705
    0.05515714
    0.02568657
    0.03550313
    0.03644305
