           1           2  0.98184836108410189     
           2           3  0.97011929005368547     
           3           4  0.99582163907903931     
           2           5  0.98276138414620862     
           5           6   1.4225684656402244     
           6           7   1.4370318642653996     
           5           8  0.10968392610965098     
           7           8   1.4240978793003949     
           8           9   1.4419188001325995     
           5          10   1.3560219748444464     
           7          10  0.11269813512802751     
           9          10   1.4099829892137672     
          10          11   1.0123005837469736     
          11          12   1.1813055280596831     
          12          13  0.99469298569029463     
          13          14   1.0048343093976724     
          11          15   1.5032938938621601     
          15          16   1.0176938183259348     
          16          17  0.96249496704269255     
          17          18   1.0012961666945090     
          17          19  0.99956190989193638     
          17          20  0.96971537455419654     
          20          21  0.92733335175616038     
          21          22   1.1692348744856795     
          22          23  0.94372854416063690     
          23          24  0.99150732966595323     
          24          25   1.0047019338674348     
          25          26   1.2691049843737123     
          26          27  0.93541590809749287     
          27          28  0.99405444934803810     
          28          29   1.2632231865758332     
          29          30  0.93479654305136328     
          30          31  0.96023340185922323     
          31          32   1.0073328091372631     
          31          33   1.0075163840015047     
          30          34  0.97094821247836061     
          34          35   1.2919712597593702     
          35          36  0.92558929773800158     
          36          37  0.98180605479905492     
          37          38  0.99470085215347426     
          38          39  0.99643773551607862     
          39          40   1.2141583376115324     
          40          41   1.0241023071566508     
          41          42   2.7587959774612574     
          42          43   1.0193177358958609     
          43          44  0.97385238972350430     
          44          45   1.0159190874925521     
          44          46   1.0176276025843787     
          43          47  0.96231240198990864     
          43          48  0.97017808219928237     
          39          49  0.19562399896769658     
          40          49   1.6411092420768982     
          39          50  0.99293870374047799     
          36          51  0.96945940766255534     
          50          51  0.99312177329138895     
          34          52  0.20226341686756286     
          35          52   1.6337258773375873     
          34          53  0.99220903625227508     
          28          54  0.19826774857098542     
          29          54   1.6789279224695461     
          27          55  0.96563828157908482     
          55          56  0.98330694314483225     
          56          57  0.97486973238773644     
          57          58  0.99357474148712555     
          58          59   1.0077687772089710     
          59          60  0.97745637860889523     
          56          61  0.96787133895863886     
          60          61  0.98579021332212913     
          25          62  0.20130010540751953     
          26          62   1.6344936411100435     
          25          63  0.97389342478845431     
          63          64  0.99840377546459258     
          23          65  0.98565927874626114     
          64          65   1.0065184526758748     
          21          66  0.17882472716465417     
          22          66   1.7331110981937858     
          15          67   1.2094043486977804     
          12          68   1.1647153721882559     
          67          68   1.2439730278206638     
          68          69   1.3292829495838945     
          69          70   1.5070592177077091     
          58          71   1.0291684241315369     
          70          71   1.3170273328301185     
          67          72   1.3239699364471262     
          69          72  0.10627732772181769     
          71          72   1.4564352882795866     
          36          73  0.90932251408673304     
           1          74  0.98066843183232200     
           1          75  0.98509466414327740     
           1          76  0.98386418552095090     
           2          77  0.95519134360198854     
           4          78  0.97701418895906622     
           4          79  0.97661587948562234     
           4          80  0.97937319522138400     
           7          81  0.96334946074884087     
           8          82  0.96946961555877054     
           9          83  0.96623553024547137     
          13          84  0.96881979676142749     
          13          85  0.96764238022436033     
          14          86  0.98647637507680141     
          14          87  0.98564717020804693     
          14          88  0.98549791364064321     
          16          89  0.97212218885757884     
          16          90  0.96708608783612116     
          18          91  0.98396356285463349     
          18          92  0.98405221766595907     
          18          93  0.97468696372527219     
          19          94  0.98482175089545398     
          19          95  0.98494200787158803     
          19          96  0.98551782653972408     
          20          97  0.95396940036069644     
          20          98  0.96889711855702498     
          23          99  0.92744182017536170     
          24         100  0.92727674281214856     
          27         101  0.94137523866209416     
          28         102  0.92056725757045177     
          30         103  0.94494324150435138     
          31         104  0.96302993355574151     
          32         105  0.98590647806654930     
          32         106  0.98517348904125857     
          32         107  0.98443481058028270     
          33         108  0.98520175918832420     
          33         109  0.98405108246298212     
          33         110  0.98321222151147702     
          37         111  0.97013855438023189     
          37         112  0.97246904836869585     
          38         113  0.96293840891611016     
          38         114  0.96525409455214228     
          45         115  0.98096323899386328     
          45         116  0.97651279121572288     
          45         117  0.97276424654198190     
          46         118  0.98030040057524370     
          46         119  0.97211256348386388     
          46         120  0.97962403070774695     
          47         121  0.98530512056000208     
          47         122  0.98602327987579486     
          47         123  0.98192563796210841     
          48         124  0.98492412458991607     
          48         125  0.97983032627686073     
          48         126  0.98474348108498322     
          50         127  0.96337666500924979     
          50         128  0.96638666983921073     
          51         129  0.97066759449078777     
          51         130  0.97330265113413272     
          53         131  0.97434013663179320     
          53         132  0.97405416474570705     
          53         133  0.97063358017998325     
          55         134  0.97093783625081143     
          55         135  0.96859418273744569     
          56         136  0.95675072978157949     
          57         137  0.96796163398539292     
          57         138  0.97019944658053903     
          59         139  0.97398173027823143     
          59         140  0.97100001306931083     
          60         141  0.97244663622282501     
          60         142  0.97166068440178333     
          63         143  0.96476163249281988     
          63         144  0.96688928957791620     
          64         145  0.97700294775197416     
          64         146  0.97409787541614989     
          65         147  0.97531950076041429     
          65         148  0.97362218358879438     
          69         149  0.96616092512347196     
          70         150  0.96843869152894257     
          72         151  0.95894427200279908     
