   -0.11790949
    0.11597701
   -0.31471785
    0.04491795
    0.08718133
   -0.21692805
    0.05676172
   -0.04328830
   -0.01711591
   -0.00078993
    0.02027650
   -0.04645166
    0.00647235
   -0.11025019
   -0.03667705
   -0.06798781
    0.02275269
   -0.11304531
   -0.11293355
    0.07596267
   -0.25140378
    0.35084421
    0.02847858
   -0.19681875
   -0.02122564
    0.24204794
    0.02840051
   -0.16605966
    0.27076351
    0.00349769
   -0.01205043
   -0.11017539
   -0.11119693
   -0.08037741
    0.25125361
    0.15496571
   -0.06410335
    0.00248694
   -0.09406534
    0.29035412
   -0.07365374
   -0.01423505
    0.10100237
   -0.17118575
   -0.02916275
   -0.03143341
   -0.10934312
   -0.10514490
   -0.43949610
    0.00018465
   -0.06788310
   -0.46317667
   -0.04796564
   -0.44433991
   -0.06835453
    0.11253555
    0.00887304
   -0.15714274
    0.00583748
    0.07699775
   -0.32267271
   -0.43694209
   -0.01071582
   -0.06180671
   -0.06450944
   -0.41054266
   -0.02504491
    0.02492008
   -0.05271038
   -0.05691628
    0.05264237
   -0.06305715
   -0.27049990
    0.04049987
    0.06979042
    0.04290012
    0.01455236
    0.02689869
    0.05690737
    0.02991541
    0.04280748
    0.03871339
    0.03963788
    0.04749291
    0.04159332
    0.05049614
    0.04488387
    0.04386319
    0.05639669
    0.04509240
    0.03789822
    0.04705822
    0.03776828
    0.04717963
    0.03951751
    0.04294920
    0.06008976
    0.04810873
    0.02789353
    0.19562296
    0.07024681
    0.20156717
    0.08016799
    0.05205863
    0.03546438
    0.04414644
    0.04166231
    0.04576893
    0.04671211
    0.03911068
    0.04882543
    0.06035048
    0.05085783
    0.08199550
    0.03639623
    0.00834184
    0.04015960
    0.04259466
    0.03807205
    0.01141472
    0.04864490
    0.05509587
    0.04146639
    0.03973453
    0.04036342
    0.03352926
    0.05358583
    0.05489414
    0.07315752
    0.06053982
    0.05863296
    0.06782746
    0.07745895
    0.06997208
    0.05105170
    0.02364503
    0.03168606
    0.02380417
    0.04328923
    0.03016153
    0.02294926
    0.06045495
    0.07958648
    0.06515895
    0.04124582
    0.04831117
    0.05785373
    0.04912966
    0.02393704
    0.02862268
    0.01888700
