           1           2  0.99942162932976530     
           2           3  0.96260606467193577     
           3           4  0.99748362179208827     
           2           5  0.97507335071746970     
           5           6   1.4311530616224890     
           6           7   1.4358466111484480     
           5           8  0.11113160688109339     
           7           8   1.4251052662998498     
           8           9   1.4398848144810250     
           5          10   1.3540903985912578     
           7          10  0.11302528071259642     
           9          10   1.4113500933432381     
          10          11   1.0142786679384654     
          11          12   1.1585539061043302     
          12          13  0.99585106124138045     
          13          14   1.0053191062450682     
          11          15   1.5227807137081182     
          15          16   1.0188622083123298     
          16          17  0.96561645211882374     
          17          18  0.99817381916677383     
          17          19  0.99763526088936072     
          17          20  0.98174885775971765     
          20          21  0.92617594065044895     
          21          22   1.1634170270415003     
          22          23  0.94307141150956797     
          23          24  0.99622448808365760     
          24          25   1.0070029079671872     
          25          26   1.2511332715614434     
          26          27  0.92111295100009749     
          27          28  0.98034330588856355     
          28          29   1.2894984606322075     
          29          30  0.92818679216350797     
          30          31  0.97818351549145388     
          31          32   1.0086874534639378     
          31          33   1.0056805112941272     
          30          34  0.95511016711279673     
          34          35   1.2903149658194606     
          35          36  0.92791489157456808     
          36          37  0.96875950969206825     
          37          38  0.99352227279986149     
          38          39  0.99272451480607804     
          39          40   1.2157933973815553     
          40          41   1.0227254428775965     
          41          42   2.7592830674766882     
          42          43   1.0196931762112467     
          43          44  0.97121713703567625     
          44          45   1.0180800284216236     
          44          46   1.0167909419008376     
          43          47  0.97290959684851264     
          43          48  0.96050890929602550     
          39          49  0.19596975873145281     
          40          49   1.6403241509644133     
          39          50  0.99688044643082763     
          36          51  0.98200556071647949     
          50          51  0.99536348294279664     
          34          52  0.19823874802142996     
          35          52   1.6304420611188990     
          34          53  0.99128577078130065     
          28          54  0.20186965144409152     
          29          54   1.6534955644645382     
          27          55  0.98957752038790658     
          55          56  0.99044579792221243     
          56          57  0.97896500929533325     
          57          58   1.0042453664039657     
          58          59  0.98821441766122131     
          59          60  0.99497652216103893     
          56          61  0.97601717001988164     
          60          61  0.98364287246372006     
          25          62  0.20208898089093963     
          26          62   1.6692576145417726     
          25          63  0.97483075955343090     
          63          64  0.99621500115773498     
          23          65  0.98547904654073004     
          64          65   1.0066820368956428     
          21          66  0.18017595724342303     
          22          66   1.7405927869205891     
          15          67   1.2086948204820125     
          12          68   1.1573426129724553     
          67          68   1.2463034210934192     
          68          69   1.3287696120313943     
          69          70   1.5092175150187133     
          58          71   1.0605863463287712     
          70          71   1.3058539950891523     
          67          72   1.3217885551048858     
          69          72  0.10348727122744565     
          71          72   1.4410682904445475     
          36          73  0.90429599424008733     
           1          74  0.98359180697337278     
           1          75  0.98290572986990554     
           1          76  0.98498138180563022     
           2          77  0.95265658691371780     
           4          78  0.97549869437693970     
           4          79  0.97850682674376210     
           4          80  0.97659707228696868     
           7          81  0.96318111195837286     
           8          82  0.96943805683726869     
           9          83  0.96617318790088402     
          13          84  0.96860508650645061     
          13          85  0.96971819995333275     
          14          86  0.98588971387485724     
          14          87  0.98507591492317570     
          14          88  0.98582700772281562     
          16          89  0.96630055379671709     
          16          90  0.96746877626494265     
          18          91  0.98351375768615279     
          18          92  0.98157185924285084     
          18          93  0.98492816613742995     
          19          94  0.98420541261782390     
          19          95  0.98492016109997327     
          19          96  0.98510562993563422     
          20          97  0.96255661261443781     
          20          98  0.96613450298337622     
          23          99  0.92820733693221358     
          24         100  0.90669481596625667     
          27         101  0.93956090122260050     
          28         102  0.92171053680522663     
          30         103  0.94618094177940948     
          31         104  0.96016630191219154     
          32         105  0.98552452686411995     
          32         106  0.98529442751969487     
          32         107  0.98609869722790400     
          33         108  0.98528747398236782     
          33         109  0.98470701054570564     
          33         110  0.98619649849179991     
          37         111  0.97223367409697237     
          37         112  0.97321470074745497     
          38         113  0.96606758975265894     
          38         114  0.96283305075706804     
          45         115  0.97653130162897794     
          45         116  0.97196588079049162     
          45         117  0.98078143073067070     
          46         118  0.97943408862232384     
          46         119  0.98026763033996278     
          46         120  0.97271431111370099     
          47         121  0.98388271612055700     
          47         122  0.98489683303429088     
          47         123  0.98021896128037500     
          48         124  0.98551188118348332     
          48         125  0.98136886285420621     
          48         126  0.98517088087176830     
          50         127  0.96497815932534481     
          50         128  0.96183967747601240     
          51         129  0.96956820087849149     
          51         130  0.97073481536537343     
          53         131  0.97579427459649493     
          53         132  0.97302994800792819     
          53         133  0.97356156270241434     
          55         134  0.96806346567393797     
          55         135  0.97147478486989014     
          56         136  0.95597585985268729     
          57         137  0.97160427579471420     
          57         138  0.95367535195217645     
          59         139  0.96955576606280114     
          59         140  0.96400185390802862     
          60         141  0.96589891444344034     
          60         142  0.96524596849370314     
          63         143  0.96626371673066669     
          63         144  0.96962552115648837     
          64         145  0.97763126897287955     
          64         146  0.97473396067079565     
          65         147  0.97567938305139013     
          65         148  0.97373219105265818     
          69         149  0.96644255423826253     
          70         150  0.96718858761149673     
          72         151  0.96240363682727648     
