   -0.11539864
    0.10779489
   -0.31916820
    0.03594859
    0.07894653
   -0.22968358
    0.05599976
   -0.04318906
   -0.01802161
   -0.00256086
    0.01679100
   -0.04583687
    0.00351123
   -0.10983312
   -0.03651666
   -0.07365251
    0.02346345
   -0.11312530
   -0.11196915
    0.07491047
   -0.24830548
    0.35143939
    0.02837190
   -0.19694988
   -0.02225621
    0.24176733
    0.02681594
   -0.16881261
    0.27113792
    0.00305274
   -0.01158369
   -0.11011326
   -0.11141605
   -0.07862935
    0.24970050
    0.15650801
   -0.06434444
    0.00213493
   -0.09383674
    0.29034554
   -0.07323072
   -0.01546137
    0.10099328
   -0.17143012
   -0.02838832
   -0.03120215
   -0.10953418
   -0.10473756
   -0.43941817
    0.00087188
   -0.07025873
   -0.47099123
   -0.04999218
   -0.44331306
   -0.06936168
    0.11233898
    0.00641441
   -0.15448782
    0.00453598
    0.07920575
   -0.32530863
   -0.43616292
   -0.01053798
   -0.06188907
   -0.06526761
   -0.41337107
   -0.02340505
    0.02634293
   -0.05200530
   -0.05629122
    0.05360938
   -0.06120049
   -0.27101504
    0.04992932
    0.06221769
    0.03414705
    0.04716112
    0.05061287
    0.04633368
    0.03368555
    0.03774723
    0.03677120
    0.03646795
    0.04519869
    0.05009235
    0.04994264
    0.04059575
    0.04508517
    0.06345949
    0.04628179
    0.04875928
    0.03923461
    0.04306270
    0.03756913
    0.04417231
    0.03792852
    0.06078166
    0.04797432
    0.02852250
    0.19378990
    0.07312463
    0.19929407
    0.08301863
    0.05147160
    0.03653781
    0.04337565
    0.04178598
    0.04519378
    0.04814526
    0.03856610
    0.04965496
    0.06753143
    0.04994853
    0.08159098
    0.03651668
    0.00663568
    0.03997646
    0.04216597
    0.03764531
    0.01192283
    0.04885098
    0.05522602
    0.04089841
    0.04043332
    0.04075157
    0.03299555
    0.05324164
    0.05422969
    0.06951433
    0.06345067
    0.06261908
    0.06840713
    0.07595978
    0.06901823
    0.05372670
    0.02339702
    0.03372788
    0.02948222
    0.04433160
    0.03326125
    0.02451918
    0.05454417
    0.07965785
    0.06500226
    0.04223433
    0.04838130
    0.05801428
    0.05030123
    0.02435849
    0.02875543
    0.01959390
