           1           2  0.99415985557856090     
           2           3  0.96355426315178716     
           3           4  0.99066782358991234     
           2           5  0.97536765130708514     
           5           6   1.4187653130933571     
           6           7   1.4352164110854009     
           5           8  0.10794822405225765     
           7           8   1.4203620392648026     
           8           9   1.4460427116164654     
           5          10   1.3542199219424695     
           7          10  0.11006623951912270     
           9          10   1.3953283700859789     
          10          11   1.0297752818650283     
          11          12   1.1537855475894632     
          12          13  0.99568630450924367     
          13          14   1.0046678117183738     
          11          15   1.5111227499753304     
          15          16   1.0200731763446120     
          16          17  0.96467047095094294     
          17          18  0.99779557043363776     
          17          19  0.99825786037645936     
          17          20  0.98097325261435353     
          20          21  0.92656373205816334     
          21          22   1.1674143943557929     
          22          23  0.94238974875838044     
          23          24  0.99401132342332288     
          24          25   1.0066081237631004     
          25          26   1.2501754838322614     
          26          27  0.92098390614339598     
          27          28  0.98037743293878088     
          28          29   1.2848694467774542     
          29          30  0.92894623554282574     
          30          31  0.97918014914741314     
          31          32   1.0084936836113774     
          31          33   1.0057978717205540     
          30          34  0.95406002616278351     
          34          35   1.2955733933568530     
          35          36  0.93309467577319161     
          36          37  0.96932778549317689     
          37          38  0.99478143623231396     
          38          39  0.99182668966984289     
          39          40   1.2165076078217971     
          40          41   1.0222297518367598     
          41          42   2.7596186714467743     
          42          43   1.0206167594640712     
          43          44  0.97075231261426653     
          44          45   1.0186605612750159     
          44          46   1.0166289729139932     
          43          47  0.97262433834840067     
          43          48  0.96010982938545397     
          39          49  0.19645468456734727     
          40          49   1.6404507501770880     
          39          50  0.99701454343372031     
          36          51  0.97453850843626266     
          50          51  0.99539887603508859     
          34          52  0.19688195238416897     
          35          52   1.6186336361264382     
          34          53  0.99031168966044958     
          28          54  0.20050457713031181     
          29          54   1.6556846251772155     
          27          55  0.98895928437639558     
          55          56  0.99084727177412579     
          56          57  0.97974459378496781     
          57          58   1.0033225554898266     
          58          59  0.98911243551338357     
          59          60  0.99532536115953629     
          56          61  0.97278435799597740     
          60          61  0.98235134378212841     
          25          62  0.20180739156917304     
          26          62   1.6702388813978135     
          25          63  0.97449274330877811     
          63          64  0.99643202088317595     
          23          65  0.98784429884111802     
          64          65   1.0066459112565649     
          21          66  0.18080194014642947     
          22          66   1.7358071591811612     
          15          67   1.2108808705770271     
          12          68   1.1582303277410242     
          67          68   1.2468973121559157     
          68          69   1.3276968150132979     
          69          70   1.5109511906445370     
          58          71   1.0638309320834680     
          70          71   1.3034416442235950     
          67          72   1.3210404653520991     
          69          72  0.10366728248147060     
          71          72   1.4408176083883564     
          36          73  0.90659377892769588     
           1          74  0.98402335149311426     
           1          75  0.98184742933679592     
           1          76  0.98414567510601059     
           2          77  0.95653508247740859     
           4          78  0.97948850739945925     
           4          79  0.97072730849660138     
           4          80  0.97819301050030616     
           7          81  0.96364000488421986     
           8          82  0.96943078682785000     
           9          83  0.96798658698417872     
          13          84  0.96731910259223985     
          13          85  0.96865965991040615     
          14          86  0.98627375403564288     
          14          87  0.98529835493658746     
          14          88  0.98500087543224590     
          16          89  0.96060053845871840     
          16          90  0.96769024801558179     
          18          91  0.98416581973670181     
          18          92  0.98489062745387745     
          18          93  0.98500811572796110     
          19          94  0.98387482916478453     
          19          95  0.98263332526149283     
          19          96  0.98491701883244565     
          20          97  0.96338222664252404     
          20          98  0.96567406149497093     
          23          99  0.92831062789291097     
          24         100  0.90820611349454305     
          27         101  0.93903737750402638     
          28         102  0.92262866398199517     
          30         103  0.94408503774406938     
          31         104  0.96099220331559132     
          32         105  0.98557002363658075     
          32         106  0.98543917519978697     
          32         107  0.98612435618291761     
          33         108  0.98536334429004424     
          33         109  0.98466385039326965     
          33         110  0.98628386507563581     
          37         111  0.97338222686038178     
          37         112  0.97203976690526483     
          38         113  0.96609295685564989     
          38         114  0.96313591461271109     
          45         115  0.97617334282717694     
          45         116  0.97179265242728674     
          45         117  0.98090283338572903     
          46         118  0.97935901621109167     
          46         119  0.98023307415944383     
          46         120  0.97324542843922235     
          47         121  0.98401593150962563     
          47         122  0.98501312969083754     
          47         123  0.97992646147704310     
          48         124  0.98538607256251676     
          48         125  0.98137781475000974     
          48         126  0.98505232877714421     
          50         127  0.96496900753379211     
          50         128  0.96081732372984385     
          51         129  0.97029895053369353     
          51         130  0.96703997802266062     
          53         131  0.97590988925680111     
          53         132  0.97198820502467931     
          53         133  0.97411286516508966     
          55         134  0.96812359561223293     
          55         135  0.97115831171162115     
          56         136  0.95612317772053834     
          57         137  0.97114860978922535     
          57         138  0.95299115745189322     
          59         139  0.96910408976988116     
          59         140  0.96364398797177286     
          60         141  0.96567772814451680     
          60         142  0.96582016776017798     
          63         143  0.96623369288377647     
          63         144  0.96968645350892624     
          64         145  0.97749142996794214     
          64         146  0.97474850789144152     
          65         147  0.97552760691319418     
          65         148  0.97355768791577990     
          69         149  0.96609324453030854     
          70         150  0.96696995589013168     
          72         151  0.96224185598775702     
