   -0.11820530
    0.10973762
   -0.31765205
    0.04418396
    0.08609429
   -0.23707655
    0.05734072
   -0.04353492
   -0.01466811
    0.00716668
    0.02610633
   -0.02593960
   -0.00174699
   -0.10936838
   -0.03989625
   -0.07244833
    0.02277136
   -0.11223005
   -0.10665794
    0.06479618
   -0.25758718
    0.35294373
    0.02669113
   -0.19547106
   -0.02298879
    0.24187070
    0.02618137
   -0.16417822
    0.27193116
    0.00966696
   -0.01474952
   -0.11078219
   -0.11262100
   -0.07254699
    0.24815594
    0.15235723
   -0.06861766
    0.00214038
   -0.09448846
    0.29021387
   -0.07638789
   -0.02531388
    0.10249586
   -0.17411066
   -0.03158912
   -0.03248801
   -0.10615591
   -0.10889418
   -0.45595258
    0.00350340
   -0.06240412
   -0.46574540
   -0.05711962
   -0.46178553
   -0.07250811
    0.11059414
    0.01053067
   -0.16771310
    0.00158984
    0.07884494
   -0.31943386
   -0.43771405
   -0.01017855
   -0.06263733
   -0.06625778
   -0.40277658
   -0.02864185
    0.03436459
   -0.04601387
   -0.05943851
    0.04685672
   -0.07303966
   -0.27166333
    0.07512453
    0.03870646
    0.03951597
    0.03822722
    0.05300387
    0.02724284
    0.02992534
    0.03880277
    0.03650747
    0.03517853
    0.04414434
    0.07531270
    0.03738091
    0.04134252
    0.04709263
    0.04406882
    0.05746753
    0.04272667
    0.04168406
    0.03463718
    0.04557918
    0.04037562
    0.03804647
    0.05790632
    0.06473927
    0.02564842
    0.18760349
    0.06342087
    0.20443973
    0.07819959
    0.04809307
    0.04335828
    0.04374327
    0.04202006
    0.04112314
    0.04173067
    0.04989096
    0.05867609
    0.05615814
    0.09328487
    0.04812674
    0.00836431
    0.03888726
    0.04368341
    0.00977584
    0.04340302
    0.03962088
    0.04585090
    0.05243209
    0.04132134
    0.04572692
    0.04302612
    0.05250448
    0.05117578
    0.05427166
    0.05906777
    0.06407107
    0.08025575
    0.06032780
    0.07454856
    0.08164516
    0.04606083
    0.02393344
    0.03518488
    0.02549971
    0.03279144
    0.04846875
    0.02361508
    0.05216147
    0.07894319
    0.06511787
    0.04211253
    0.04940308
    0.06377005
    0.05534951
    0.02811527
    0.02214104
    0.02740439
