           1           2  0.98269435003665029     
           2           3  0.96305779670355784     
           3           4  0.99973346888247849     
           2           5  0.98232577607613869     
           5           6   1.4144434996858828     
           6           7   1.4427992332098494     
           5           8  0.10813157059474517     
           7           8   1.4170369461479213     
           8           9   1.4494049060766323     
           5          10   1.3628907427096624     
           7          10  0.11156456423573971     
           9          10   1.3957989567335571     
          10          11   1.0183164022390760     
          11          12   1.1689932374217360     
          12          13  0.99328901645220613     
          13          14   1.0060830338402140     
          11          15   1.5120081826300731     
          15          16   1.0180433551978245     
          16          17  0.96842889625565709     
          17          18  0.99731281613139799     
          17          19  0.99886204110764942     
          17          20  0.97018281721239064     
          20          21  0.92659003663298012     
          21          22   1.1599303070916149     
          22          23  0.93975041247482327     
          23          24  0.98742582565279347     
          24          25   1.0053909436293227     
          25          26   1.2549223040369031     
          26          27  0.92055663706400748     
          27          28  0.97493949099941601     
          28          29   1.2964376324247200     
          29          30  0.93487849587833205     
          30          31  0.96645310774603199     
          31          32   1.0071579178148591     
          31          33   1.0069021515898526     
          30          34  0.96466050756876298     
          34          35   1.2941907510082515     
          35          36  0.92637654385717827     
          36          37  0.97377410784096552     
          37          38  0.99250316788532889     
          38          39  0.98903967011962579     
          39          40   1.2269551922206425     
          40          41   1.0266489656259921     
          41          42   2.7507998352700880     
          42          43   1.0142506421103983     
          43          44  0.96375559170305469     
          44          45   1.0156074497907674     
          44          46   1.0154545311473167     
          43          47  0.97281043580661508     
          43          48  0.97522126534710885     
          39          49  0.19140054579074289     
          40          49   1.6178487165467739     
          39          50  0.99620122808098088     
          36          51  0.98286251429266580     
          50          51  0.99608991249017664     
          34          52  0.20160146284089472     
          35          52   1.6240500884446949     
          34          53  0.99468615321198972     
          28          54  0.19865668767548766     
          29          54   1.6330658843900661     
          27          55  0.99163652989385065     
          55          56  0.98657441778948507     
          56          57  0.98297074400207285     
          57          58   1.0027870008465871     
          58          59  0.98485215918360836     
          59          60  0.99475431111803003     
          56          61  0.97486093948180763     
          60          61  0.98421560782241091     
          25          62  0.20316604200985319     
          26          62   1.6652048574164744     
          25          63  0.97329591551916017     
          63          64  0.99628067562913292     
          23          65  0.99128172608136955     
          64          65   1.0083758622418664     
          21          66  0.18045121127218516     
          22          66   1.7500979502570086     
          15          67   1.2123940192778730     
          12          68   1.1712031997157411     
          67          68   1.2427565295652698     
          68          69   1.3257250870626553     
          69          70   1.5094566058743033     
          58          71   1.0490287430396026     
          70          71   1.3095116692511444     
          67          72   1.3162598606664746     
          69          72  0.10356598971185785     
          71          72   1.4405590185032142     
          36          73  0.90094990720640167     
           1          74  0.97383353641223747     
           1          75  0.98510138816757198     
           1          76  0.98291515541322561     
           2          77  0.95780408745477330     
           4          78  0.97818190951065231     
           4          79  0.97621307078988284     
           4          80  0.97548818299876494     
           7          81  0.96335316186529485     
           8          82  0.96933764996196659     
           9          83  0.96507414874941244     
          13          84  0.96960723075145672     
          13          85  0.96075853512090093     
          14          86  0.98520898028100223     
          14          87  0.98559958083842780     
          14          88  0.98534189226527691     
          16          89  0.96780309368627715     
          16          90  0.96309617029669636     
          18          91  0.98432649191208565     
          18          92  0.98421288017450581     
          18          93  0.98187924159097406     
          19          94  0.98349956034435726     
          19          95  0.98492043800122753     
          19          96  0.98532160078147035     
          20          97  0.96593970530598994     
          20          98  0.96194288094260494     
          23          99  0.93633110674963471     
          24         100  0.90989834506630485     
          27         101  0.94425541425533199     
          28         102  0.92425434978086751     
          30         103  0.94866952442025076     
          31         104  0.96445173479989099     
          32         105  0.98515681979578906     
          32         106  0.98560096090894289     
          32         107  0.98314952828878022     
          33         108  0.98427276082857018     
          33         109  0.98556236886681559     
          33         110  0.98434544312246508     
          37         111  0.96279997690047658     
          37         112  0.96595571466013652     
          38         113  0.95786652633331948     
          38         114  0.96532972257716199     
          45         115  0.97333798683696460     
          45         116  0.98099292367347313     
          45         117  0.97931900541110706     
          46         118  0.97249836603168349     
          46         119  0.97969163804776538     
          46         120  0.98086679420164147     
          47         121  0.98393148245808892     
          47         122  0.98208349731596223     
          47         123  0.98358353883692784     
          48         124  0.98392934588534109     
          48         125  0.98357051661267114     
          48         126  0.98277607588172089     
          50         127  0.96136808740305524     
          50         128  0.96430495441154629     
          51         129  0.97229519464575143     
          51         130  0.96921036826698670     
          53         131  0.96598181508463532     
          53         132  0.97072938276362430     
          53         133  0.97156236272949992     
          55         134  0.96687246569876817     
          55         135  0.97445222954472011     
          56         136  0.95689913458645826     
          57         137  0.96971847621598806     
          57         138  0.95644531168378788     
          59         139  0.97116655159859211     
          59         140  0.95308097150083970     
          60         141  0.96607389269663735     
          60         142  0.97009854896117076     
          63         143  0.96609562620925216     
          63         144  0.96959266764845242     
          64         145  0.97726054733100631     
          64         146  0.97434302893942126     
          65         147  0.97409338148077618     
          65         148  0.97356451172237934     
          69         149  0.96641103721569632     
          70         150  0.96791060394665029     
          72         151  0.95951454654684254     
