   -0.11791189
    0.11636628
   -0.31588539
    0.04527563
    0.08756693
   -0.22013686
    0.05639374
   -0.04345701
   -0.01754127
    0.00147676
    0.02054489
   -0.04558531
    0.00767803
   -0.11048965
   -0.03480411
   -0.07421458
    0.02116964
   -0.10904163
   -0.11508571
    0.06839907
   -0.24817055
    0.35433536
    0.02053171
   -0.18346411
   -0.02115316
    0.24204012
    0.02189682
   -0.16262185
    0.27270887
    0.00846035
   -0.01467907
   -0.11025492
   -0.11231060
   -0.07879597
    0.24668559
    0.15209536
   -0.05981561
    0.00286746
   -0.09843530
    0.28917817
   -0.07563817
   -0.02453465
    0.10238605
   -0.17432032
   -0.03207868
   -0.03164193
   -0.10887427
   -0.10876099
   -0.44246458
    0.00371484
   -0.06886035
   -0.46611214
   -0.06117763
   -0.44998600
   -0.07463847
    0.10912780
    0.00855775
   -0.16740726
    0.00253239
    0.08233372
   -0.33043095
   -0.44635181
   -0.01078586
   -0.06231314
   -0.06378444
   -0.41102103
   -0.02157185
    0.03185691
   -0.05096285
   -0.05272584
    0.05336098
   -0.05655747
   -0.26502123
    0.04003014
    0.06644069
    0.04781573
    0.01714332
    0.02799121
    0.05647992
    0.02913856
    0.04217567
    0.03830560
    0.03740666
    0.04696663
    0.03800723
    0.04363764
    0.05665562
    0.04275052
    0.05969337
    0.04754663
    0.04019253
    0.04134456
    0.04600589
    0.03461646
    0.03662400
    0.04728070
    0.06569414
    0.04584592
    0.04718507
    0.16376987
    0.07094906
    0.20189773
    0.07066946
    0.05352194
    0.04268678
    0.03609293
    0.04413362
    0.04175470
    0.04803460
    0.04350908
    0.06330596
    0.05578562
    0.05197981
    0.05554279
    0.03805776
    0.04489632
    0.00864365
    0.03812979
    0.00761589
    0.04416383
    0.04352858
    0.05257671
    0.04742066
    0.05229644
    0.04307107
    0.04741988
    0.08060302
    0.05143881
    0.05392208
    0.05344263
    0.09014312
    0.05238410
    0.08127021
    0.06016638
    0.04733633
    0.03084911
    0.05163901
    0.03432888
    0.04227383
    0.02796691
    0.04246918
    0.01653772
    0.08354990
    0.06304897
    0.04492245
    0.05009593
    0.05430205
    0.05576205
    0.02544456
    0.03936584
    0.03464321
