           1           2   1.0005531236371656     
           2           3  0.96307529252922763     
           3           4  0.99727001115166158     
           2           5  0.97606983838293682     
           5           6   1.4308137786951989     
           6           7   1.4338537814225225     
           5           8  0.11055235129085283     
           7           8   1.4267633267852011     
           8           9   1.4364733881715774     
           5          10   1.3528091108056342     
           7          10  0.11367587553298047     
           9          10   1.4096735674279817     
          10          11   1.0130122977795648     
          11          12   1.1539625304853569     
          12          13  0.99560687795197689     
          13          14   1.0049545703208522     
          11          15   1.5262153797071951     
          15          16   1.0194242571580332     
          16          17  0.96572518468424295     
          17          18  0.99944736187022676     
          17          19  0.99846910932797672     
          17          20  0.97571770575184713     
          20          21  0.92654179465035891     
          21          22   1.1695926283719389     
          22          23  0.94007010733899676     
          23          24  0.99261854969836982     
          24          25   1.0047191543838541     
          25          26   1.2580752343171826     
          26          27  0.93573691564318195     
          27          28  0.99334693802940510     
          28          29   1.2846263552179791     
          29          30  0.92762546676943503     
          30          31  0.97637013936236960     
          31          32   1.0080781606397362     
          31          33   1.0056500103846062     
          30          34  0.95461377961263982     
          34          35   1.2920855715632196     
          35          36  0.92125726168001498     
          36          37  0.98510988864441129     
          37          38  0.99448442814993121     
          38          39  0.99703551677729330     
          39          40   1.2109222760997578     
          40          41   1.0251092439171339     
          41          42   2.7526980035622510     
          42          43   1.0143176005252401     
          43          44  0.96338671034333800     
          44          45   1.0157543429538323     
          44          46   1.0160871770513533     
          43          47  0.97382814614775937     
          43          48  0.97410057103154712     
          39          49  0.19395895847226724     
          40          49   1.6406540649099273     
          39          50  0.99328458048673018     
          36          51  0.97462135332812405     
          50          51  0.99308705173033496     
          34          52  0.20286286180687260     
          35          52   1.6329287747319976     
          34          53  0.99255079467992724     
          28          54  0.20030878981402275     
          29          54   1.6563563502293175     
          27          55  0.96362922754205604     
          55          56  0.98448802328667373     
          56          57  0.97447846577462693     
          57          58  0.99515664026168893     
          58          59   1.0050128416122459     
          59          60  0.98051423844804531     
          56          61  0.96662372303791189     
          60          61  0.98627429181817994     
          25          62  0.20197129534252331     
          26          62   1.6473388339958608     
          25          63  0.97475356306324312     
          63          64  0.99795322508402184     
          23          65  0.98129531738340459     
          64          65   1.0069870682324136     
          21          66  0.18168216002367049     
          22          66   1.7394693430746666     
          15          67   1.2028147412588450     
          12          68   1.1607636407413195     
          67          68   1.2468558946981632     
          68          69   1.3314519657051225     
          69          70   1.5025974362618935     
          58          71   1.0195772436460844     
          70          71   1.3243797879910970     
          67          72   1.3273329342944011     
          69          72  0.10722663606283324     
          71          72   1.4590934089844287     
          36          73  0.90391046854266233     
           1          74  0.98369470896127287     
           1          75  0.98363894497225701     
           1          76  0.98432063751362442     
           2          77  0.94962859356146800     
           4          78  0.97550141002549318     
           4          79  0.97851268761635979     
           4          80  0.97676756184946179     
           7          81  0.96324631575093345     
           8          82  0.96946970281090161     
           9          83  0.96655521753616069     
          13          84  0.96892584591475805     
          13          85  0.96963775457630041     
          14          86  0.98591899403950367     
          14          87  0.98518453812225293     
          14          88  0.98522053467320814     
          16          89  0.95966778765556138     
          16          90  0.97012265044040547     
          18          91  0.98487666410492170     
          18          92  0.98551083234379899     
          18          93  0.98367767696142183     
          19          94  0.98450530992719631     
          19          95  0.97763035478741456     
          19          96  0.98357747089665559     
          20          97  0.95722530129881489     
          20          98  0.96539023056697593     
          23          99  0.93280443834733973     
          24         100  0.93064711742770945     
          27         101  0.94209304167164076     
          28         102  0.92487887276916836     
          30         103  0.95350929701533471     
          31         104  0.96356748905388845     
          32         105  0.98566587211442513     
          32         106  0.98386059046910657     
          32         107  0.98536434750512203     
          33         108  0.98610623132072472     
          33         109  0.98499120085436509     
          33         110  0.98379747742282364     
          37         111  0.97206763098061799     
          37         112  0.96891272822358276     
          38         113  0.95981335563737813     
          38         114  0.96522450385129266     
          45         115  0.98100104501907304     
          45         116  0.97929479754347981     
          45         117  0.97255543255769983     
          46         118  0.98100326517127001     
          46         119  0.97249444086923287     
          46         120  0.97947797482300492     
          47         121  0.98359461545330151     
          47         122  0.98239417831864262     
          47         123  0.98373212248571962     
          48         124  0.98237835715186406     
          48         125  0.98379576083574161     
          48         126  0.98371476043151873     
          50         127  0.96344176249477698     
          50         128  0.96639283640619711     
          51         129  0.97049078718913684     
          51         130  0.97354703339949344     
          53         131  0.96152103081672902     
          53         132  0.97236668190065789     
          53         133  0.97132440911799933     
          55         134  0.96923363398563056     
          55         135  0.96849918853649419     
          56         136  0.95767662073589477     
          57         137  0.96962250150529228     
          57         138  0.96669399114487231     
          59         139  0.97491486824976992     
          59         140  0.96932203568945097     
          60         141  0.97207740819176325     
          60         142  0.97065869583305975     
          63         143  0.96461740102389382     
          63         144  0.96750278353892460     
          64         145  0.97695412176303631     
          64         146  0.97393331981525688     
          65         147  0.97597759917926341     
          65         148  0.97364696145752749     
          69         149  0.96637808808560477     
          70         150  0.96883461467332088     
          72         151  0.96011002982972249     
