   -0.11574966
    0.11229331
   -0.32036282
    0.04327954
    0.08832052
   -0.23216274
    0.05830069
   -0.04223168
   -0.01711032
    0.00340927
    0.02462212
   -0.02304660
    0.00011375
   -0.11019597
   -0.04999501
   -0.07004677
    0.02029854
   -0.10332883
   -0.11436814
    0.06856204
   -0.25809056
    0.35499349
    0.02440890
   -0.18829061
   -0.02032658
    0.23973418
    0.02137413
   -0.17421446
    0.27189563
    0.00225501
   -0.01220558
   -0.10910429
   -0.11125599
   -0.07701124
    0.24811126
    0.15271047
   -0.06610974
   -0.00347054
   -0.09315757
    0.28947215
   -0.07197192
   -0.01565610
    0.10125293
   -0.17630083
   -0.03063271
   -0.03082107
   -0.10575103
   -0.10774869
   -0.44319890
    0.00254568
   -0.06343246
   -0.45867776
   -0.05223593
   -0.44509549
   -0.07285811
    0.10765392
    0.00645500
   -0.17468017
    0.00116436
    0.08103264
   -0.32796314
   -0.45063395
   -0.01008457
   -0.06330659
   -0.06552584
   -0.39603087
   -0.02549638
    0.02823057
   -0.05066760
   -0.05270741
    0.05273925
   -0.05868509
   -0.26542748
    0.05571723
    0.04333116
    0.04373976
    0.03511429
    0.03258553
    0.02825885
    0.05447109
    0.04284493
    0.04024978
    0.03633219
    0.05207280
    0.06036807
    0.04021603
    0.04871367
    0.04436305
    0.03628486
    0.04568724
    0.02957364
    0.03616247
    0.05871268
    0.05813452
    0.03063573
    0.03899150
    0.06496960
    0.05214782
    0.03568756
    0.16163569
    0.07104443
    0.19993874
    0.08056478
    0.04691475
    0.04592289
    0.03469719
    0.04487055
    0.04491694
    0.04713760
    0.03866437
    0.07053095
    0.05818775
    0.06166952
    0.05722932
    0.03648447
    0.01478455
    0.03915043
    0.03741274
    0.04135938
    0.01195513
    0.03912380
    0.03699992
    0.04222232
    0.04457820
    0.04950050
    0.04680852
    0.08062134
    0.05216425
    0.04615119
    0.05730156
    0.08663124
    0.05333027
    0.07064357
    0.05241092
    0.04814837
    0.03623683
    0.04765975
    0.03379639
    0.04292164
    0.03094743
    0.04450982
    0.01762659
    0.08460543
    0.06328334
    0.04496882
    0.05198592
    0.06520722
    0.05563713
    0.02653711
    0.03673034
    0.04246843
