           1           2  0.98171834396789082     
           2           3  0.96953126502415166     
           3           4  0.99562803877614681     
           2           5  0.98265851815832894     
           5           6   1.4213232133380147     
           6           7   1.4381588165454329     
           5           8  0.10980121833682824     
           7           8   1.4225626510716269     
           8           9   1.4436567552610498     
           5          10   1.3578899751481845     
           7          10  0.11240753798741127     
           9          10   1.4072950257777792     
          10          11   1.0144655521692525     
          11          12   1.1761836796049792     
          12          13  0.99401667523089055     
          13          14   1.0048444511077443     
          11          15   1.5096566329786796     
          15          16   1.0202542364406262     
          16          17  0.95859536490416986     
          17          18   1.0020179105266849     
          17          19   1.0013457948768327     
          17          20  0.96918078959357723     
          20          21  0.92755073898674467     
          21          22   1.1584304421640224     
          22          23  0.93358844838068356     
          23          24  0.98085124889653297     
          24          25   1.0011381995198823     
          25          26   1.2674390925155643     
          26          27  0.93190338302725018     
          27          28  0.99090206553664772     
          28          29   1.2702869561784496     
          29          30  0.93580098381575361     
          30          31  0.96292672921021794     
          31          32   1.0089179312378216     
          31          33   1.0066626137592283     
          30          34  0.96491113974878895     
          34          35   1.2868777356246484     
          35          36  0.92415577178038388     
          36          37  0.98263773049591896     
          37          38  0.99507495621105801     
          38          39  0.99594332301131550     
          39          40   1.2181642023987100     
          40          41   1.0249568352359897     
          41          42   2.7593439490906833     
          42          43   1.0186995649931143     
          43          44  0.96965300037967406     
          44          45   1.0156429086345864     
          44          46   1.0169802506517209     
          43          47  0.96481553029134792     
          43          48  0.97129318287727229     
          39          49  0.19612341390613880     
          40          49   1.6360127806836349     
          39          50  0.99312192018816703     
          36          51  0.96937316633149706     
          50          51  0.99343358191924991     
          34          52  0.20240780920051119     
          35          52   1.6396305680402996     
          34          53  0.99242896887185095     
          28          54  0.19865345658423400     
          29          54   1.6675721845880511     
          27          55  0.97152802179455966     
          55          56  0.98236436232411228     
          56          57  0.97494360893239029     
          57          58  0.99552061852699736     
          58          59   1.0021573168808251     
          59          60  0.98255914232527319     
          56          61  0.96767906068577680     
          60          61  0.98529548417072821     
          25          62  0.20357320875157381     
          26          62   1.6396188764551718     
          25          63  0.97377343165126051     
          63          64  0.99900666853310416     
          23          65  0.99466724154309361     
          64          65   1.0077988197892129     
          21          66  0.18147637307412737     
          22          66   1.7574447406361013     
          15          67   1.2049980095089254     
          12          68   1.1678883601400454     
          67          68   1.2400436990925259     
          68          69   1.3321305245724826     
          69          70   1.5006875370067172     
          58          71   1.0110346532193915     
          70          71   1.3280174434503171     
          67          72   1.3277617495201883     
          69          72  0.10797135143903279     
          71          72   1.4619437108455087     
          36          73  0.90939622400162967     
           1          74  0.98167217462548928     
           1          75  0.98505261003487354     
           1          76  0.98333652466239818     
           2          77  0.95546303514924169     
           4          78  0.97694264797149843     
           4          79  0.97652194673564519     
           4          80  0.97938536093525863     
           7          81  0.96325573315898083     
           8          82  0.96922489860253946     
           9          83  0.96752080984941657     
          13          84  0.96891761645406782     
          13          85  0.96655055322546468     
          14          86  0.98670831607093068     
          14          87  0.98631203835711079     
          14          88  0.98516792961465716     
          16          89  0.97237245193347888     
          16          90  0.96721369968543547     
          18          91  0.98397586992251429     
          18          92  0.98421513234168401     
          18          93  0.97638305422948068     
          19          94  0.98007408197868773     
          19          95  0.98466720594201718     
          19          96  0.98555565213221086     
          20          97  0.95822822609854752     
          20          98  0.96865154925466057     
          23          99  0.93708488538589152     
          24         100  0.93217862589304068     
          27         101  0.93848663796746035     
          28         102  0.92369074611477942     
          30         103  0.94848050290351105     
          31         104  0.96321472241215866     
          32         105  0.98568220360430847     
          32         106  0.98541215344315014     
          32         107  0.98446362540225185     
          33         108  0.98555573641909355     
          33         109  0.98491197473638170     
          33         110  0.98418852540608548     
          37         111  0.97034460311056048     
          37         112  0.97229188824879065     
          38         113  0.96275090737071167     
          38         114  0.96470092002702534     
          45         115  0.98109466573703497     
          45         116  0.97326799467762837     
          45         117  0.97766439312284292     
          46         118  0.98070610258643631     
          46         119  0.97980719741484690     
          46         120  0.97213962930477260     
          47         121  0.98497990348241227     
          47         122  0.98183469013405644     
          47         123  0.98504838345047330     
          48         124  0.98026622779209016     
          48         125  0.98530758285611664     
          48         126  0.98401560640326857     
          50         127  0.96302883890747748     
          50         128  0.96575932948489629     
          51         129  0.96893654391866868     
          51         130  0.97340440364268721     
          53         131  0.97058404642798946     
          53         132  0.97223758057730125     
          53         133  0.97162273617347428     
          55         134  0.97186375768933575     
          55         135  0.96674921236862410     
          56         136  0.95808056308694811     
          57         137  0.96929855915605978     
          57         138  0.96953833285312707     
          59         139  0.97498514326134089     
          59         140  0.97039979015548206     
          60         141  0.97155974554597435     
          60         142  0.97089687124608415     
          63         143  0.96387063141296125     
          63         144  0.96634247377605764     
          64         145  0.97678631416729722     
          64         146  0.97399577672228832     
          65         147  0.97329591636281876     
          65         148  0.97349753587271204     
          69         149  0.96632171046951165     
          70         150  0.96818107082419758     
          72         151  0.95787547555168640     
