   -0.11775848
    0.11602619
   -0.31518349
    0.04512258
    0.08734680
   -0.21795890
    0.05671685
   -0.04312301
   -0.01677110
   -0.00014912
    0.02033024
   -0.04838733
    0.00682700
   -0.11007667
   -0.03686428
   -0.06729226
    0.02163042
   -0.10614358
   -0.11285308
    0.06702964
   -0.25852359
    0.35393488
    0.02730466
   -0.19606645
   -0.02126871
    0.23926597
    0.02475226
   -0.15780002
    0.27490566
    0.00509088
   -0.01368529
   -0.10848817
   -0.11202712
   -0.07648007
    0.24940618
    0.15257733
   -0.06600028
   -0.00319801
   -0.09516914
    0.28986573
   -0.07181533
   -0.01499761
    0.10137438
   -0.17593380
   -0.03022092
   -0.03115562
   -0.10575972
   -0.10792440
   -0.44177717
    0.00282163
   -0.06700310
   -0.45136758
   -0.05650253
   -0.46281439
   -0.07030019
    0.11239838
    0.00579799
   -0.15798962
    0.00753393
    0.07925480
   -0.32277773
   -0.43553264
   -0.01047924
   -0.06150838
   -0.06266267
   -0.39117881
   -0.02554526
    0.02438704
   -0.05330199
   -0.05733070
    0.05143076
   -0.06999931
   -0.27344981
    0.04016174
    0.06922552
    0.04314941
    0.01497444
    0.02752652
    0.05670882
    0.02933517
    0.04228140
    0.03851959
    0.03936141
    0.04748189
    0.04074002
    0.04977797
    0.04436154
    0.04361298
    0.05395659
    0.04447777
    0.03115201
    0.04826693
    0.03989624
    0.03581530
    0.04577769
    0.04042600
    0.06242442
    0.05991928
    0.02024355
    0.18221280
    0.06881799
    0.19908768
    0.07986812
    0.05339767
    0.03217581
    0.04476903
    0.04472735
    0.04919027
    0.04179238
    0.03972595
    0.07244818
    0.06083675
    0.06251045
    0.05398050
    0.01477643
    0.03601729
    0.03643523
    0.04291750
    0.03796671
    0.01160098
    0.03768046
    0.03797858
    0.04257183
    0.04498706
    0.04801577
    0.05118450
    0.08096097
    0.05052731
    0.05204871
    0.05543131
    0.04691761
    0.07594440
    0.08604828
    0.07307271
    0.05406418
    0.02509688
    0.03734769
    0.02792316
    0.04452860
    0.02442735
    0.02556820
    0.05543272
    0.08045160
    0.06623455
    0.04317308
    0.05008331
    0.06995713
    0.04007422
    0.02215906
    0.02714284
    0.03560111
