           1           2  0.99974782835603271     
           2           3  0.96252382896424360     
           3           4  0.99745610926104888     
           2           5  0.97513482469485580     
           5           6   1.4316512918359636     
           6           7   1.4347306030999822     
           5           8  0.11124804082143838     
           7           8   1.4263665878600298     
           8           9   1.4388303296695644     
           5          10   1.3534655010119867     
           7          10  0.11321987109686063     
           9          10   1.4132772405536036     
          10          11   1.0133508861415164     
          11          12   1.1549925729943700     
          12          13  0.99657831372455230     
          13          14   1.0051075603497857     
          11          15   1.5278055708401075     
          15          16   1.0184361173782646     
          16          17  0.96708709750391930     
          17          18  0.99848438387985916     
          17          19  0.99720291609512801     
          17          20  0.97312240704499386     
          20          21  0.93003107514064642     
          21          22   1.1510525102765452     
          22          23  0.93943652579064041     
          23          24  0.97800147296033302     
          24          25   1.0069155536470193     
          25          26   1.2550885782422752     
          26          27  0.92026774117982091     
          27          28  0.97717340116544504     
          28          29   1.3055138568229605     
          29          30  0.93777855654604381     
          30          31  0.96647656293809403     
          31          32   1.0090671098661712     
          31          33   1.0067352840764996     
          30          34  0.96124141581799394     
          34          35   1.2849013060681400     
          35          36  0.92073174370367883     
          36          37  0.98520689375625914     
          37          38  0.99492192628914955     
          38          39  0.99589008996517814     
          39          40   1.2140432894939652     
          40          41   1.0258525404124457     
          41          42   2.7589102810809689     
          42          43   1.0189651491415239     
          43          44  0.96938584113468351     
          44          45   1.0162256752601366     
          44          46   1.0167555071093053     
          43          47  0.96415592133295458     
          43          48  0.97159812417892255     
          39          49  0.19511515680007566     
          40          49   1.6390792366618834     
          39          50  0.99371319764022981     
          36          51  0.97454654311518696     
          50          51  0.99277566103836934     
          34          52  0.20478974433148456     
          35          52   1.6457602598453900     
          34          53  0.99541049207425980     
          28          54  0.19699823657991808     
          29          54   1.6163977475641138     
          27          55  0.99002461333353442     
          55          56  0.98969667334631983     
          56          57  0.98102454556118879     
          57          58   1.0028772941423219     
          58          59  0.98862828174369655     
          59          60  0.99510694646015052     
          56          61  0.97521057709968140     
          60          61  0.98440799314943495     
          25          62  0.20484368135258474     
          26          62   1.6642663574190681     
          25          63  0.97414265559989910     
          63          64  0.99677148589125919     
          23          65  0.98015405813660728     
          64          65   1.0071238907548707     
          21          66  0.18318963806003302     
          22          66   1.7628154523396073     
          15          67   1.2057796385663466     
          12          68   1.1558444251330666     
          67          68   1.2471545632323311     
          68          69   1.3299196559750395     
          69          70   1.5065068703190774     
          58          71   1.0601322926759693     
          70          71   1.3086054125067006     
          67          72   1.3246524938081201     
          69          72  0.10410868742797856     
          71          72   1.4380405704615333     
          36          73  0.89787866481157752     
           1          74  0.98356494619758528     
           1          75  0.98301519403056881     
           1          76  0.98494563218303610     
           2          77  0.95236581981466317     
           4          78  0.97552484296583342     
           4          79  0.97854673842133888     
           4          80  0.97658318759543461     
           7          81  0.96323780898575007     
           8          82  0.96947415197211473     
           9          83  0.96643658521776088     
          13          84  0.96881173258673425     
          13          85  0.96952427205271663     
          14          86  0.98623527881200668     
          14          87  0.98516172875203134     
          14          88  0.98602359112381710     
          16          89  0.96682112917565222     
          16          90  0.96716010591208201     
          18          91  0.98534757464238454     
          18          92  0.98376080153196699     
          18          93  0.98506661279634933     
          19          94  0.98370609493670591     
          19          95  0.98222072842655173     
          19          96  0.98489196023500658     
          20          97  0.96340162135693019     
          20          98  0.96535808156051606     
          23          99  0.95760270949606519     
          24         100  0.90663563547197445     
          27         101  0.93652945402811461     
          28         102  0.92680270480382099     
          30         103  0.94761112465553909     
          31         104  0.96445522092101732     
          32         105  0.98470480042249497     
          32         106  0.98466608425474045     
          32         107  0.98559146653142027     
          33         108  0.98461267725922752     
          33         109  0.98400918535504533     
          33         110  0.98625076470139561     
          37         111  0.96990152551552211     
          37         112  0.97041821432500430     
          38         113  0.96240996755734454     
          38         114  0.96539778946958377     
          45         115  0.97322807632562580     
          45         116  0.98107789527982481     
          45         117  0.97804715222895933     
          46         118  0.97967459889956254     
          46         119  0.98068195573194084     
          46         120  0.97213413695332207     
          47         121  0.98174374211732296     
          47         122  0.98515320432624498     
          47         123  0.98506704286682079     
          48         124  0.98027416514385513     
          48         125  0.98378606302728477     
          48         126  0.98501125596892969     
          50         127  0.96326003113007996     
          50         128  0.96633197928754655     
          51         129  0.97003948359485470     
          51         130  0.97327867829847992     
          53         131  0.97006866057366914     
          53         132  0.97267177304591357     
          53         133  0.96665860292992156     
          55         134  0.96881608010062825     
          55         135  0.97162152089695808     
          56         136  0.95571487036352332     
          57         137  0.97082284023043131     
          57         138  0.95227875117352001     
          59         139  0.96915489442860570     
          59         140  0.96411886412469483     
          60         141  0.96591390002073996     
          60         142  0.96620855194900090     
          63         143  0.96564896088472052     
          63         144  0.96876413524093485     
          64         145  0.97728169485551242     
          64         146  0.97359882497917316     
          65         147  0.97272909059065826     
          65         148  0.97565378050357954     
          69         149  0.96680483344054025     
          70         150  0.96688763291246560     
          72         151  0.95988160110634457     
