   -0.11787751
    0.11596249
   -0.31487825
    0.04497296
    0.08724381
   -0.21743931
    0.05669032
   -0.04332675
   -0.01716514
   -0.00048452
    0.02029190
   -0.04693122
    0.00659410
   -0.11016669
   -0.03650005
   -0.06784607
    0.02276607
   -0.11297701
   -0.11248305
    0.07635219
   -0.25323114
    0.35035146
    0.02849090
   -0.19595172
   -0.02224320
    0.24225324
    0.02884202
   -0.16428126
    0.27143403
    0.00551807
   -0.01362221
   -0.10938300
   -0.11180342
   -0.07947731
    0.25033559
    0.15416741
   -0.06693256
    0.00379723
   -0.09691887
    0.28876217
   -0.07629598
   -0.02644078
    0.10232202
   -0.17154791
   -0.03234438
   -0.03426470
   -0.10909201
   -0.10910569
   -0.44429341
    0.00007606
   -0.06642237
   -0.46058783
   -0.05653587
   -0.44985222
   -0.06809330
    0.11257196
    0.00966331
   -0.15649615
    0.00530635
    0.07635879
   -0.31891010
   -0.43699947
   -0.01060568
   -0.06176844
   -0.06392425
   -0.40722700
   -0.02511517
    0.02473953
   -0.05279174
   -0.05692044
    0.05261816
   -0.06384972
   -0.27144713
    0.06939900
    0.04335286
    0.04040781
    0.01484456
    0.05687581
    0.02967048
    0.02712481
    0.04257031
    0.03853287
    0.03962485
    0.04750659
    0.04130619
    0.04374516
    0.05040987
    0.04471682
    0.05559059
    0.04593483
    0.04692914
    0.03773103
    0.03791029
    0.04280098
    0.04655647
    0.03920466
    0.05933908
    0.04824473
    0.02779071
    0.19437332
    0.07012661
    0.20695674
    0.07541266
    0.05486699
    0.04336102
    0.04161868
    0.03256124
    0.04955321
    0.03750125
    0.04565843
    0.05243765
    0.05525660
    0.04991540
    0.08081010
    0.04050316
    0.01130377
    0.03935063
    0.04380786
    0.03804384
    0.01965296
    0.04402850
    0.05166726
    0.04730886
    0.04403211
    0.03780854
    0.05288579
    0.05291036
    0.05652150
    0.07044994
    0.06424350
    0.08078859
    0.05231415
    0.07979621
    0.07097792
    0.04993793
    0.02367689
    0.03172646
    0.02038963
    0.04295061
    0.03081881
    0.02297978
    0.06215537
    0.07968265
    0.06487412
    0.04169272
    0.04823434
    0.05712291
    0.04949053
    0.02354656
    0.02870403
    0.01946067
