           1           2  0.99961924807656710     
           2           3  0.96267992738285657     
           3           4  0.99747814894200215     
           2           5  0.97515415514269443     
           5           6   1.4315153233731919     
           6           7   1.4351713236141608     
           5           8  0.11116465742985011     
           7           8   1.4258336162130147     
           8           9   1.4391714299171516     
           5          10   1.3534952145563481     
           7          10  0.11313708383074982     
           9          10   1.4124391421595572     
          10          11   1.0138370217859092     
          11          12   1.1580484133815439     
          12          13  0.99601814827431101     
          13          14   1.0052302445666901     
          11          15   1.5236796881760926     
          15          16   1.0188181651777253     
          16          17  0.96577836919066085     
          17          18  0.99809432907971762     
          17          19  0.99762769931742779     
          17          20  0.98191943267273363     
          20          21  0.92648943448233845     
          21          22   1.1600484645149436     
          22          23  0.94330257305465182     
          23          24  0.99720038434268676     
          24          25   1.0069194770319416     
          25          26   1.2499614366936820     
          26          27  0.92170870506165947     
          27          28  0.98010079252652194     
          28          29   1.2970476790900030     
          29          30  0.92801009020905623     
          30          31  0.97871407450032477     
          31          32   1.0082480111873151     
          31          33   1.0060597308267953     
          30          34  0.95314619933376976     
          34          35   1.2938773572699027     
          35          36  0.92325031638880439     
          36          37  0.97353431397437418     
          37          38  0.99307163002664978     
          38          39  0.99359086701982413     
          39          40   1.2131140554587525     
          40          41   1.0248032054978256     
          41          42   2.7543244882219211     
          42          43   1.0127033242369914     
          43          44  0.96146704340772982     
          44          45   1.0155587838835234     
          44          46   1.0129083883562435     
          43          47  0.97599491178479525     
          43          48  0.97665724207953919     
          39          49  0.19470060265360756     
          40          49   1.6385242314046111     
          39          50  0.99644355000456764     
          36          51  0.98557131542032672     
          50          51  0.99507792391220429     
          34          52  0.20133186226015853     
          35          52   1.6303398404877174     
          34          53  0.99370380165806493     
          28          54  0.20223001772123028     
          29          54   1.6443119651451290     
          27          55  0.98950409007730344     
          55          56  0.99013200107143828     
          56          57  0.97845804505343459     
          57          58   1.0047145737567471     
          58          59  0.98749849281764968     
          59          60  0.99500996212697623     
          56          61  0.97810330218494201     
          60          61  0.98432021940488734     
          25          62  0.20167321746408562     
          26          62   1.6694081996553936     
          25          63  0.97476255991638849     
          63          64  0.99630576155491024     
          23          65  0.98341702701757350     
          64          65   1.0068233799038826     
          21          66  0.17994688084054744     
          22          66   1.7453167956842985     
          15          67   1.2081978276190186     
          12          68   1.1567570175988153     
          67          68   1.2467614312232445     
          68          69   1.3285987419383392     
          69          70   1.5095130939562249     
          58          71   1.0622237889314483     
          70          71   1.3052480736465388     
          67          72   1.3216818964733528     
          69          72  0.10341516314920160     
          71          72   1.4403596780710064     
          36          73  0.89804152359835765     
           1          74  0.98300244943821924     
           1          75  0.98492637831025132     
           1          76  0.98359998980824714     
           2          77  0.95238379659861716     
           4          78  0.97850701895170566     
           4          79  0.97660699900105064     
           4          80  0.97546243516665232     
           7          81  0.96320027606778313     
           8          82  0.96946423870320886     
           9          83  0.96616233058905177     
          13          84  0.96866152353203161     
          13          85  0.96964927877488016     
          14          86  0.98588859228531245     
          14          87  0.98597571645221982     
          14          88  0.98509924326763543     
          16          89  0.96666876083195297     
          16          90  0.96737578977737515     
          18          91  0.98177476234337480     
          18          92  0.98494571411440768     
          18          93  0.98342217008762789     
          19          94  0.98515130814071894     
          19          95  0.98417156934217742     
          19          96  0.98496978847619465     
          20          97  0.96240682692326063     
          20          98  0.96641555890692732     
          23          99  0.92933121747903225     
          24         100  0.90863314613053325     
          27         101  0.93938880056032470     
          28         102  0.91676959206753517     
          30         103  0.94973214809880435     
          31         104  0.96380356436998493     
          32         105  0.98555514049851645     
          32         106  0.98577804363451371     
          32         107  0.98409905795131514     
          33         108  0.98408134543010783     
          33         109  0.98652304560532789     
          33         110  0.98518571136938926     
          37         111  0.97142817267897841     
          37         112  0.97348524197569997     
          38         113  0.96627476348774688     
          38         114  0.96324598904460978     
          45         115  0.97956322067737855     
          45         116  0.97452624738580795     
          45         117  0.98082675993248736     
          46         118  0.97969566554659560     
          46         119  0.98103730611983619     
          46         120  0.97519878060545184     
          47         121  0.98397304244436312     
          47         122  0.98264880869063231     
          47         123  0.98336095958959502     
          48         124  0.98411677097018635     
          48         125  0.98370927342207337     
          48         126  0.98303726911275391     
          50         127  0.96536203352413419     
          50         128  0.96305663428286870     
          51         129  0.97045083198730775     
          51         130  0.97067118984758594     
          53         131  0.96912054818369253     
          53         132  0.97161417324636645     
          53         133  0.97239036103722476     
          55         134  0.96810401148585590     
          55         135  0.97171868092263791     
          56         136  0.95584109394378425     
          57         137  0.97167562416248476     
          57         138  0.95405270702821265     
          59         139  0.96958632499774999     
          59         140  0.96428078875321477     
          60         141  0.96604167667190266     
          60         142  0.96591083674708333     
          63         143  0.96616658046059056     
          63         144  0.96969476235132834     
          64         145  0.97756765442932780     
          64         146  0.97463125590566124     
          65         147  0.97583534025988583     
          65         148  0.97364480643346407     
          69         149  0.96646391252601904     
          70         150  0.96709119471551852     
          72         151  0.96250292345763433     
