   -0.11914428
    0.11624186
   -0.31803559
    0.04340485
    0.08619266
   -0.21413197
    0.05640040
   -0.04227730
   -0.01808081
   -0.00287467
    0.02003532
   -0.04101087
   -0.00300208
   -0.10829166
   -0.04328898
   -0.06511857
    0.02267697
   -0.11329314
   -0.11198393
    0.07549076
   -0.25061234
    0.35129797
    0.02820146
   -0.19674684
   -0.02214113
    0.24115400
    0.02553905
   -0.16762623
    0.27132307
    0.00292932
   -0.01119301
   -0.10888120
   -0.11193352
   -0.07909217
    0.24806950
    0.15426367
   -0.26966280
   -0.07138858
    0.00347263
   -0.09253781
    0.29026071
   -0.07329229
   -0.01475416
    0.10107606
   -0.17220925
   -0.03239890
   -0.03051966
   -0.10793714
   -0.10540403
   -0.44324522
   -0.00086120
   -0.06542693
   -0.46674967
   -0.05166425
   -0.44001082
   -0.07000507
    0.11052132
    0.00747952
   -0.15604468
    0.00461275
    0.07919379
   -0.32452427
   -0.43686092
   -0.01058929
   -0.06195004
   -0.06477240
   -0.41053928
   -0.02431246
    0.02704743
   -0.05096680
   -0.05632147
    0.05292966
   -0.06262471
    0.04251951
    0.04098506
    0.07085094
    0.01371420
    0.03451557
    0.02469327
    0.05569684
    0.04223286
    0.03842753
    0.03824591
    0.07035425
    0.04784379
    0.04017605
    0.04462908
    0.04577064
    0.03851930
    0.04591842
    0.04097105
    0.04797862
    0.04139184
    0.04029311
    0.03776206
    0.04375392
    0.04959678
    0.06115323
    0.02963588
    0.19382971
    0.07586061
    0.19027079
    0.08431378
    0.05107205
    0.04256998
    0.03565193
    0.04211167
    0.05108438
    0.03732052
    0.04438044
    0.05793185
    0.06592119
    0.04894710
    0.07946647
    0.04919786
    0.03717905
    0.01200638
    0.01091715
    0.03806271
    0.03944617
    0.03849571
    0.04383955
    0.05074224
    0.04100941
    0.03876619
    0.03715958
    0.05712100
    0.05577847
    0.05373021
    0.07151125
    0.06732596
    0.07393623
    0.06634316
    0.06793486
    0.05636608
    0.02887737
    0.02700901
    0.03314793
    0.04507477
    0.03254249
    0.04605427
    0.03046141
    0.08026488
    0.06530410
    0.04865417
    0.04245085
    0.05815495
    0.04890614
    0.02651358
    0.03047017
    0.01740220
