   -0.11774609
    0.11578587
   -0.31442255
    0.04424530
    0.08734746
   -0.21511341
    0.05683832
   -0.04321761
   -0.01674715
   -0.00184034
    0.01927420
   -0.04563721
    0.00614622
   -0.11028348
   -0.03809608
   -0.06900198
    0.02286740
   -0.11291917
   -0.11291723
    0.07597484
   -0.25147434
    0.35075062
    0.02827435
   -0.19602931
   -0.02033649
    0.24207270
    0.02844686
   -0.16337242
    0.27094177
    0.00313204
   -0.01229741
   -0.10944194
   -0.11098474
   -0.07880526
    0.25053567
    0.15450484
   -0.06340387
    0.00359819
   -0.09616812
    0.28869139
   -0.07614160
   -0.02650328
    0.10223664
   -0.17182043
   -0.03224744
   -0.03390904
   -0.10900577
   -0.10869900
   -0.44317580
    0.00135423
   -0.06627188
   -0.46242222
   -0.04838467
   -0.44430225
   -0.06779732
    0.11234256
    0.00901282
   -0.15662841
    0.00591755
    0.07688441
   -0.32219299
   -0.43737832
   -0.01089219
   -0.06187645
   -0.06446523
   -0.41034624
   -0.02496426
    0.02507820
   -0.05243376
   -0.05675676
    0.05273050
   -0.06321610
   -0.27095333
    0.04023120
    0.04078929
    0.07081250
    0.01411832
    0.02683211
    0.05709673
    0.03076398
    0.04292381
    0.03878548
    0.03919249
    0.04751500
    0.04207226
    0.05064669
    0.04494194
    0.04388139
    0.05814375
    0.04430193
    0.04681441
    0.03943014
    0.04366542
    0.03779890
    0.04681249
    0.03789338
    0.06000588
    0.04825795
    0.02777952
    0.19527736
    0.07050040
    0.19706108
    0.08065858
    0.05219094
    0.03437740
    0.04408323
    0.04225406
    0.04587061
    0.04530768
    0.03950873
    0.04782878
    0.05989054
    0.04968304
    0.08134224
    0.01090918
    0.03987576
    0.04055658
    0.04373337
    0.01798562
    0.03908305
    0.04761850
    0.05098469
    0.04379125
    0.04344146
    0.05323298
    0.03740552
    0.05185687
    0.05549132
    0.07191777
    0.05801929
    0.05758359
    0.06779104
    0.07932473
    0.06899539
    0.05027585
    0.02420616
    0.03205580
    0.02312759
    0.04378066
    0.02977917
    0.02329918
    0.06028693
    0.07970997
    0.06553571
    0.04118599
    0.04859729
    0.05798151
    0.04934524
    0.02436179
    0.02873095
    0.01885665
