           1           2  0.99809531013778185     
           2           3  0.96230880096740534     
           3           4  0.99714522875826817     
           2           5  0.97514115103719967     
           5           6   1.4293816304496598     
           6           7   1.4386728775561131     
           5           8  0.11101888301253091     
           7           8   1.4222047779284794     
           8           9   1.4430992639642077     
           5          10   1.3562981050840877     
           7          10  0.11244402106594635     
           9          10   1.4071657966841957     
          10          11   1.0161624469837023     
          11          12   1.1593116990638375     
          12          13  0.99567991037362791     
          13          14   1.0055009983781806     
          11          15   1.5197928689215063     
          15          16   1.0190521243964759     
          16          17  0.96544713123404313     
          17          18  0.99767412251404908     
          17          19  0.99807572467538597     
          17          20  0.98183542359775522     
          20          21  0.92585812892032116     
          21          22   1.1636912504582195     
          22          23  0.94308168426308325     
          23          24  0.99635063494032239     
          24          25   1.0073012494478961     
          25          26   1.2521833290115914     
          26          27  0.92112500772554873     
          27          28  0.98007050574573362     
          28          29   1.2879343688115881     
          29          30  0.92963682886703924     
          30          31  0.97599761883304781     
          31          32   1.0088351425572908     
          31          33   1.0060262140927569     
          30          34  0.95617424707989596     
          34          35   1.2906348383556296     
          35          36  0.92671454752055216     
          36          37  0.96916400387167445     
          37          38  0.99400826955008614     
          38          39  0.99297045026091701     
          39          40   1.2134938161007680     
          40          41   1.0237878221458554     
          41          42   2.7549077378593312     
          42          43   1.0127094771486369     
          43          44  0.96181102673946273     
          44          45   1.0157432328119933     
          44          46   1.0130536190182677     
          43          47  0.97696607229785837     
          43          48  0.97544865106942447     
          39          49  0.19540448716787845     
          40          49   1.6394205735096794     
          39          50  0.99710943850383127     
          36          51  0.98185903755787474     
          50          51  0.99558812034484190     
          34          52  0.20013754243118878     
          35          52   1.6328421319655384     
          34          53  0.99192498328188738     
          28          54  0.20149259736624220     
          29          54   1.6539314759606918     
          27          55  0.98961136469336763     
          55          56  0.99013344102459999     
          56          57  0.97901943738576347     
          57          58   1.0044807997653411     
          58          59  0.98830090355982381     
          59          60  0.99497793957705483     
          56          61  0.97642730463212790     
          60          61  0.98362620701368086     
          25          62  0.20246062727371358     
          26          62   1.6683433358681861     
          25          63  0.97469782353941303     
          63          64  0.99617719193776488     
          23          65  0.98506514463239647     
          64          65   1.0066710914043491     
          21          66  0.18022320657062452     
          22          66   1.7409051019328001     
          15          67   1.2096470713654259     
          12          68   1.1578432454084711     
          67          68   1.2462226597020434     
          68          69   1.3284886320291611     
          69          70   1.5095979276397842     
          58          71   1.0612070732333225     
          70          71   1.3054321548502981     
          67          72   1.3214919271059338     
          69          72  0.10353532470943852     
          71          72   1.4408822242317707     
          36          73  0.90410109448996934     
           1          74  0.98528170439837093     
           1          75  0.98335369003767714     
           1          76  0.98252711225483147     
           2          77  0.95388512399475367     
           4          78  0.97570884513091638     
           4          79  0.97857191256864418     
           4          80  0.97641581075299499     
           7          81  0.96315502711400680     
           8          82  0.96941075510799968     
           9          83  0.96623730163614230     
          13          84  0.96845175150302265     
          13          85  0.96985876875156984     
          14          86  0.98572530910126910     
          14          87  0.98506562920426521     
          14          88  0.98552508627817814     
          16          89  0.96504065935390393     
          16          90  0.96777300087418849     
          18          91  0.98425365060933190     
          18          92  0.98491968108067163     
          18          93  0.98503824314034172     
          19          94  0.98358790215406877     
          19          95  0.98184218963435932     
          19          96  0.98494536247296605     
          20          97  0.96256894625104217     
          20          98  0.96620365305678191     
          23          99  0.92855952941937958     
          24         100  0.90761829584765019     
          27         101  0.93947485956403531     
          28         102  0.92636346090696442     
          30         103  0.94611929142107787     
          31         104  0.96076455089573043     
          32         105  0.98565739289665544     
          32         106  0.98523904021137798     
          32         107  0.98604150889144027     
          33         108  0.98526155944680294     
          33         109  0.98474345301838540     
          33         110  0.98618139392275472     
          37         111  0.97203576511255363     
          37         112  0.97321137172176986     
          38         113  0.96571816757366535     
          38         114  0.96286210791582771     
          45         115  0.97399715002869602     
          45         116  0.97943144839526453     
          45         117  0.98066599246147534     
          46         118  0.97978313042754128     
          46         119  0.97527748856855401     
          46         120  0.98100600962417872     
          47         121  0.98340490731277530     
          47         122  0.98280482503420463     
          47         123  0.98393999424925083     
          48         124  0.98422436712405115     
          48         125  0.98290412770707303     
          48         126  0.98358895280550152     
          50         127  0.96491647640941958     
          50         128  0.96247818757355375     
          51         129  0.96981901829287032     
          51         130  0.97122795062919265     
          53         131  0.97571339000432333     
          53         132  0.97277751117405897     
          53         133  0.97348867688193064     
          55         134  0.96838077891104279     
          55         135  0.97147533509567219     
          56         136  0.95599924232809208     
          57         137  0.97143800062714258     
          57         138  0.95384115637935130     
          59         139  0.96941582361633549     
          59         140  0.96401095913207668     
          60         141  0.96603944061848734     
          60         142  0.96506115495534250     
          63         143  0.96627640691921046     
          63         144  0.96953555571635264     
          64         145  0.97764007752472504     
          64         146  0.97467695151621969     
          65         147  0.97568790989658272     
          65         148  0.97375389618484631     
          69         149  0.96645042613422338     
          70         150  0.96708435692574457     
          72         151  0.96241028889357205     
