   -0.11518493
    0.11229820
   -0.32057164
    0.04340204
    0.08880390
   -0.23212464
    0.05813964
   -0.04329242
   -0.01682053
    0.00535283
    0.02472139
   -0.02546568
    0.00183121
   -0.10999287
   -0.04712001
   -0.07047649
    0.02152099
   -0.11011916
   -0.11574705
    0.07264582
   -0.23583378
    0.35215820
    0.01427019
   -0.19669372
   -0.03023824
    0.25308736
    0.01188934
   -0.17150242
    0.26992300
    0.00073969
   -0.01203418
   -0.10897074
   -0.11215859
   -0.07301867
    0.24768763
    0.15208723
   -0.06634713
   -0.00261208
   -0.09196508
    0.28914865
   -0.07301295
   -0.01546221
    0.10101426
   -0.17429987
   -0.03084352
   -0.03075823
   -0.10580766
   -0.10812201
   -0.44390053
    0.00274531
   -0.06362032
   -0.45813060
   -0.05258596
   -0.44006582
   -0.07373145
    0.10364853
    0.00046224
   -0.16615451
   -0.00021521
    0.08082394
   -0.32726482
   -0.43830298
   -0.00771611
   -0.06074100
   -0.06139100
   -0.42101784
   -0.02542909
    0.02887442
   -0.05096365
   -0.05246126
    0.05350197
   -0.05781893
   -0.26642448
    0.05799973
    0.04154329
    0.04275027
    0.03490285
    0.03276856
    0.02773667
    0.05470047
    0.04213055
    0.03920429
    0.03771080
    0.05174944
    0.05517859
    0.04017694
    0.05024452
    0.04313249
    0.03842196
    0.05137743
    0.03626035
    0.04113750
    0.05193322
    0.03676122
    0.03941849
    0.04242208
    0.05791202
    0.05323379
    0.06819771
    0.16934129
    0.09243243
    0.19655915
    0.08145473
    0.04309977
    0.04836585
    0.03450312
    0.04414510
    0.04561150
    0.04718842
    0.03671786
    0.07218174
    0.05875087
    0.06080657
    0.05574305
    0.03711394
    0.01387822
    0.04254150
    0.03788664
    0.04049738
    0.01167044
    0.04085086
    0.03668580
    0.04001760
    0.04888349
    0.04359144
    0.04420237
    0.08034436
    0.05159720
    0.04548141
    0.05755591
    0.08565028
    0.05307431
    0.07273049
    0.05305740
    0.05206679
    0.04349423
    0.05984920
    0.03377741
    0.04234610
    0.02998816
    0.04209220
    0.01653250
    0.07921073
    0.04642013
    0.04565955
    0.04760726
    0.04871619
    0.04271817
    0.02578393
    0.03737047
    0.03690337
