           1           2  0.98300336301640256     
           2           3  0.96906884021368289     
           3           4  0.99571253652325264     
           2           5  0.98211729332127817     
           5           6   1.4207097044575812     
           6           7   1.4388678188515698     
           5           8  0.10931565813779770     
           7           8   1.4224839385031780     
           8           9   1.4396166298165138     
           5          10   1.3593376482831090     
           7          10  0.11239238728691490     
           9          10   1.4027872300106348     
          10          11   1.0124377289675843     
          11          12   1.1719773936274689     
          12          13  0.99469857135746076     
          13          14   1.0051796822454777     
          11          15   1.5143525374688578     
          15          16   1.0185448204612040     
          16          17  0.96355104709610639     
          17          18  0.99920965381454763     
          17          19  0.99829195836851681     
          17          20  0.98055653589360436     
          20          21  0.92535540600111044     
          21          22   1.1864026090318358     
          22          23  0.93994720011983945     
          23          24  0.98811269093824294     
          24          25   1.0069302891169933     
          25          26   1.2407500857316816     
          26          27  0.94052304588674895     
          27          28  0.99327179481703032     
          28          29   1.2673076062383670     
          29          30  0.93768553299855040     
          30          31  0.95584164939664906     
          31          32   1.0082930761135922     
          31          33   1.0076151790503447     
          30          34  0.97107130243029505     
          34          35   1.2890195655753489     
          35          36  0.92395784097638578     
          36          37  0.98253103342744019     
          37          38  0.99560908381424984     
          38          39  0.99565530786394751     
          39          40   1.2216164350955001     
          40          41   1.0229804840759258     
          41          42   2.7609438511759912     
          42          43   1.0172289281837577     
          43          44  0.97029464992600956     
          44          45   1.0152010970307095     
          44          46   1.0172281693814382     
          43          47  0.96504163551211541     
          43          48  0.97268345995487626     
          39          49  0.19715221283487766     
          40          49   1.6345382958066832     
          39          50  0.99271710959937420     
          36          51  0.97002238368871807     
          50          51  0.99435483170973349     
          34          52  0.20407601215317414     
          35          52   1.6392109637862295     
          34          53  0.99257569755035457     
          28          54  0.19911547639418711     
          29          54   1.6726769875812035     
          27          55  0.96219467797673153     
          55          56  0.98265015316302207     
          56          57  0.97468468568617661     
          57          58  0.99584017595991936     
          58          59   1.0036511212129628     
          59          60  0.98124273823276731     
          56          61  0.96738027021943340     
          60          61  0.98767507399447829     
          25          62  0.19340715235661241     
          26          62   1.6697042967407878     
          25          63  0.97445246768598559     
          63          64  0.99859081320296927     
          23          65  0.96594003284964391     
          64          65   1.0063003303735996     
          21          66  0.18415790606435117     
          22          66   1.7250869414995698     
          15          67   1.2045309612809887     
          12          68   1.1672395060089031     
          67          68   1.2464494628271163     
          68          69   1.3273082724059175     
          69          70   1.5067199130581086     
          58          71   1.0229931361133680     
          70          71   1.3211699257765541     
          67          72   1.3255997427708539     
          69          72  0.10724720671890013     
          71          72   1.4597105850029224     
          36          73  0.90868305655033621     
           1          74  0.97976859647906556     
           1          75  0.98490497927745357     
           1          76  0.98438159109428891     
           2          77  0.95541374756737163     
           4          78  0.97710942906149523     
           4          79  0.97660534288832124     
           4          80  0.97933240020297108     
           7          81  0.96326252393098055     
           8          82  0.96930023430153944     
           9          83  0.96633515704833628     
          13          84  0.96810006500396573     
          13          85  0.96727785339724925     
          14          86  0.98624086489531815     
          14          87  0.98589899920124324     
          14          88  0.98534022068644822     
          16          89  0.96558294123355848     
          16          90  0.96953443727695188     
          18          91  0.98520659760890650     
          18          92  0.98552239185510193     
          18          93  0.98308714123133401     
          19          94  0.98437472973748852     
          19          95  0.97424565254593554     
          19          96  0.98400216711831789     
          20          97  0.95781782113781999     
          20          98  0.96595564470843709     
          23          99  0.95852916008224343     
          24         100  0.93351180293827518     
          27         101  0.94260248459313811     
          28         102  0.92467247162504840     
          30         103  0.94776474715546799     
          31         104  0.96421629511206530     
          32         105  0.98552537432759690     
          32         106  0.98545268721176138     
          32         107  0.98420773728310074     
          33         108  0.98533304881690964     
          33         109  0.98450688585398149     
          33         110  0.98467942573799094     
          37         111  0.97029766438920051     
          37         112  0.97227217045052661     
          38         113  0.96282768739098745     
          38         114  0.96440849761758551     
          45         115  0.98111343010857410     
          45         116  0.97319322232002858     
          45         117  0.97713977636860505     
          46         118  0.98047191938637690     
          46         119  0.97980512041869294     
          46         120  0.97208310049501134     
          47         121  0.98478670729587270     
          47         122  0.98184497896874501     
          47         123  0.98526037115528031     
          48         124  0.98544975150211012     
          48         125  0.98451013886243577     
          48         126  0.98050612827528238     
          50         127  0.96295067460991701     
          50         128  0.96520177951884545     
          51         129  0.96795992209200932     
          51         130  0.97324859745637626     
          53         131  0.97146239132343482     
          53         132  0.97182475181113404     
          53         133  0.97230558711858095     
          55         134  0.97173627126303519     
          55         135  0.96891793679809513     
          56         136  0.95822112283112348     
          57         137  0.96780665090787188     
          57         138  0.96929347671412747     
          59         139  0.97474299273110088     
          59         140  0.97006515260647108     
          60         141  0.97201198598141014     
          60         142  0.97104498075662682     
          63         143  0.96475921902332984     
          63         144  0.96735409878224488     
          64         145  0.97683475376935736     
          64         146  0.97316001288024978     
          65         147  0.97497091305499373     
          65         148  0.97583219059986781     
          69         149  0.96622357339734299     
          70         150  0.96896502688433117     
          72         151  0.96097491307956373     
