   -0.11279450
    0.11758169
   -0.29900524
    0.04228462
    0.07816337
   -0.21855597
    0.05655010
   -0.04395857
   -0.01812354
   -0.01210048
    0.01174353
   -0.04310224
    0.00721873
   -0.11008978
   -0.05408240
   -0.06830418
    0.02340655
   -0.10878758
   -0.11515497
    0.06651208
   -0.25002685
    0.35075472
    0.02750700
   -0.18899442
   -0.02184419
    0.23854800
    0.02399203
   -0.15556805
    0.27551118
    0.00296219
   -0.01339247
   -0.10826409
   -0.11097602
   -0.07539985
    0.24850606
    0.15162710
   -0.06431441
    0.00333138
   -0.09781116
    0.28908097
   -0.07594062
   -0.02430933
    0.10238488
   -0.17464711
   -0.03243305
   -0.03091377
   -0.10874750
   -0.10835633
   -0.44409858
    0.00382207
   -0.06839144
   -0.45154465
   -0.06200417
   -0.45583916
   -0.07001009
    0.11245886
   -0.01121551
   -0.12508202
    0.00128775
    0.07696352
   -0.32815089
   -0.44380281
   -0.01104504
   -0.06336947
   -0.06405657
   -0.41434850
   -0.02191637
    0.02274249
   -0.05168746
   -0.06209303
    0.05443523
   -0.07398972
   -0.27321742
    0.06223322
    0.05339994
    0.04822832
    0.01799555
    0.01850644
    0.03341021
    0.05896334
    0.04050572
    0.03670865
    0.03533593
    0.04560243
    0.04232218
    0.04200495
    0.05320355
    0.04379977
    0.03600878
    0.04368973
    0.03084551
    0.04088636
    0.05171095
    0.04802009
    0.03655547
    0.04118043
    0.07453300
    0.05371776
    0.03315234
    0.17006329
    0.07605508
    0.19984288
    0.08098136
    0.04986962
    0.04584047
    0.03283483
    0.04335398
    0.04400693
    0.04693112
    0.03816779
    0.06751647
    0.06326262
    0.05277789
    0.05275410
    0.04417777
    0.01063447
    0.03882241
    0.03861622
    0.00708271
    0.04300152
    0.04389783
    0.05220731
    0.04698893
    0.05190113
    0.04239973
    0.04684901
    0.07996365
    0.04991906
    0.05329404
    0.05354708
    0.09355319
    0.04609286
    0.07485334
    0.06699384
    0.03145569
    0.02392807
    0.06041253
    0.05904879
    0.03574560
    0.03686241
    0.05666319
    0.03982541
    0.08437987
    0.06521024
    0.04562296
    0.05300640
    0.06139875
    0.05352847
    0.02382221
    0.02716026
    0.02283949
