           1           2  0.98320965647538050     
           2           3  0.98323567646912191     
           3           4  0.99887882125001770     
           2           5  0.97837445972458315     
           5           6   1.4256971536969978     
           6           7   1.4350922233541321     
           5           8  0.10951898072552424     
           7           8   1.4258251820979964     
           8           9   1.4387359639917920     
           5          10   1.3487290673215839     
           7          10  0.11329808414182212     
           9          10   1.4134194660980599     
          10          11   1.0123245819355273     
          11          12   1.1731186059403711     
          12          13  0.99474554635148327     
          13          14   1.0069208586590339     
          11          15   1.5129934106035980     
          15          16   1.0040374252946720     
          16          17  0.98146337303211195     
          17          18  0.99890602757697000     
          17          19  0.99613776737185056     
          17          20  0.97551575293380322     
          20          21  0.92181448126664400     
          21          22   1.1737227484262929     
          22          23  0.94620704670390465     
          23          24  0.99485415086510809     
          24          25   1.0050292225648971     
          25          26   1.2587173714379700     
          26          27  0.92922746206812157     
          27          28  0.99233535674556306     
          28          29   1.2925146159763303     
          29          30  0.93572540548671390     
          30          31  0.96385570167683710     
          31          32   1.0088000217279216     
          31          33   1.0069581684194473     
          30          34  0.96411725048449659     
          34          35   1.2875501114021293     
          35          36  0.91930381584640752     
          36          37  0.98516470159514258     
          37          38  0.99483587195166689     
          38          39  0.99643229326692695     
          39          40   1.2130391765833199     
          40          41   1.0254201572333532     
          41          42   2.7521366684283968     
          42          43   1.0143995987873471     
          43          44  0.96391088181532691     
          44          45   1.0150684621905910     
          44          46   1.0162688230644279     
          43          47  0.97357447552121823     
          43          48  0.97399611775350525     
          39          49  0.19382864318518198     
          40          49   1.6377738929096013     
          39          50  0.99335760414918128     
          36          51  0.97618674647575931     
          50          51  0.99294389234530955     
          34          52  0.20624810871138527     
          35          52   1.6458494897776337     
          34          53  0.99508007531813025     
          28          54  0.19945710510115428     
          29          54   1.6433672603073588     
          27          55  0.97230384608132925     
          55          56  0.98379098390470698     
          56          57  0.98037226029919977     
          57          58   1.0047736756513215     
          58          59  0.98894096405957277     
          59          60  0.99637343857441996     
          56          61  0.96994047916519388     
          60          61  0.98316325086406253     
          25          62  0.20266674692243447     
          26          62   1.6528022150519506     
          25          63  0.97420416602879123     
          63          64  0.99799507208057148     
          23          65  0.98113945319454943     
          64          65   1.0058043372313714     
          21          66  0.17824560594605582     
          22          66   1.7236296650412342     
          15          67   1.2098196622096022     
          12          68   1.1489460565280472     
          67          68   1.2433381702163016     
          68          69   1.3303309604724634     
          69          70   1.5124752660777432     
          58          71   1.1170767646184974     
          70          71   1.2856812214368867     
          67          72   1.3242877799875190     
          69          72  0.10291975667566965     
          71          72   1.4107639126002531     
          36          73  0.89853556036151039     
           1          74  0.98151081583508848     
           1          75  0.98636219460469798     
           1          76  0.97998407853259684     
           2          77  0.94385331906473757     
           4          78  0.97307881882728364     
           4          79  0.97564502494937055     
           4          80  0.97956855363645257     
           7          81  0.96330052443403458     
           8          82  0.96946271326492361     
           9          83  0.96911875637804235     
          13          84  0.96692530368633434     
          13          85  0.97061065053912343     
          14          86  0.97737970966662968     
          14          87  0.98329709176256674     
          14          88  0.98494303277193640     
          16          89  0.96452344551952907     
          16          90  0.95956731295932007     
          18          91  0.98464875619285319     
          18          92  0.98422981870301740     
          18          93  0.97493843352848752     
          19          94  0.98476623833691745     
          19          95  0.98485582019522788     
          19          96  0.98551233572868324     
          20          97  0.95888063858608041     
          20          98  0.96496344469323692     
          23          99  0.92069298653267362     
          24         100  0.92548546828160072     
          27         101  0.93684769423416925     
          28         102  0.92436841345176823     
          30         103  0.94829386946236849     
          31         104  0.96488159398122253     
          32         105  0.98555426376622479     
          32         106  0.98486605485495415     
          32         107  0.98472681660190953     
          33         108  0.98578515239116327     
          33         109  0.98484259502713156     
          33         110  0.98426164679190320     
          37         111  0.97077059956176570     
          37         112  0.97131287537229560     
          38         113  0.96069656177317342     
          38         114  0.96557251403947131     
          45         115  0.97933196161480562     
          45         116  0.97340057982631489     
          45         117  0.98097122910317502     
          46         118  0.98098163332283006     
          46         119  0.97230661536741025     
          46         120  0.97958376674825232     
          47         121  0.98345028626374076     
          47         122  0.98245636144320136     
          47         123  0.98379754913100892     
          48         124  0.98242390776456523     
          48         125  0.98386347921595851     
          48         126  0.98379575594433633     
          50         127  0.96346635674294745     
          50         128  0.96660054190928213     
          51         129  0.96903226421343402     
          51         130  0.97341145090310444     
          53         131  0.96144959913198447     
          53         132  0.96956171377346501     
          53         133  0.97291367780018323     
          55         134  0.97057297009846721     
          55         135  0.96427195836356527     
          56         136  0.95714767620442753     
          57         137  0.95665500621365385     
          57         138  0.95679637146255025     
          59         139  0.97126248901476475     
          59         140  0.96644422304769750     
          60         141  0.96706547951115562     
          60         142  0.96295083903963641     
          63         143  0.96501251634689167     
          63         144  0.96686085494043805     
          64         145  0.97707340530903464     
          64         146  0.97403815460073129     
          65         147  0.97486563096764323     
          65         148  0.97398083686476622     
          69         149  0.96493447834395951     
          70         150  0.96786222338224737     
          72         151  0.95041975723614747     
