   -0.11773664
    0.11597274
   -0.31534629
    0.04514099
    0.08751769
   -0.21801230
    0.05669019
   -0.04313580
   -0.01682615
   -0.00006135
    0.02025662
   -0.04850930
    0.00682803
   -0.11001052
   -0.03693323
   -0.06694733
    0.02161530
   -0.10600943
   -0.11285115
    0.06721365
   -0.25939149
    0.35347446
    0.02738899
   -0.19537758
   -0.02129528
    0.23918316
    0.02605314
   -0.15896384
    0.27363909
    0.00681323
   -0.01380064
   -0.10832124
   -0.11215299
   -0.07911077
    0.25400673
    0.15289577
   -0.06328428
   -0.01118665
   -0.09488589
    0.29035120
   -0.07103222
   -0.01546053
    0.10139558
   -0.17627965
   -0.03095939
   -0.03105851
   -0.10585776
   -0.10740012
   -0.44233356
    0.00027295
   -0.06926224
   -0.45567631
   -0.05500716
   -0.46135190
   -0.06994113
    0.11256211
    0.00651388
   -0.15694766
    0.00707391
    0.07638304
   -0.32148303
   -0.43640598
   -0.01058154
   -0.06139532
   -0.06194991
   -0.39081482
   -0.02554793
    0.02431470
   -0.05326528
   -0.05745208
    0.05142624
   -0.07016524
   -0.27446046
    0.04011052
    0.06910705
    0.04320865
    0.01511585
    0.02758417
    0.05661944
    0.02933068
    0.04218584
    0.03844212
    0.03938087
    0.04756052
    0.04071362
    0.04980330
    0.04433690
    0.04348253
    0.05340688
    0.04453210
    0.03110270
    0.04771396
    0.04002235
    0.03593719
    0.04584281
    0.04031298
    0.06189537
    0.05977702
    0.02026670
    0.18301485
    0.06733948
    0.20375619
    0.07557140
    0.05488534
    0.03195545
    0.04510926
    0.04075494
    0.04847288
    0.04653366
    0.03768346
    0.06646072
    0.05474476
    0.07552732
    0.06399395
    0.01519943
    0.03760968
    0.03724326
    0.04187692
    0.01167299
    0.03834011
    0.03747550
    0.04223327
    0.03871603
    0.04486655
    0.04946547
    0.04742639
    0.04430832
    0.08285600
    0.06464518
    0.04859099
    0.04999460
    0.07900419
    0.08044126
    0.07332431
    0.05408241
    0.02488807
    0.03718635
    0.02545084
    0.04413946
    0.02335648
    0.02551034
    0.06019070
    0.08053098
    0.06616146
    0.04321293
    0.04990989
    0.06924735
    0.03950144
    0.02215405
    0.02724464
    0.03560281
