           1           2  0.99978479418793287     
           2           3  0.96240577788369963     
           3           4  0.99745370530948618     
           2           5  0.97516005034855568     
           5           6   1.4319289114789415     
           6           7   1.4344062123512469     
           5           8  0.11128879491350047     
           7           8   1.4267374099787238     
           8           9   1.4384807241792066     
           5          10   1.3531174860197779     
           7          10  0.11324896892789234     
           9          10   1.4138058245408962     
          10          11   1.0131672353023160     
          11          12   1.1549841974128208     
          12          13  0.99662341759558104     
          13          14   1.0050240586348707     
          11          15   1.5278578939362233     
          15          16   1.0184723822803767     
          16          17  0.96703979583882249     
          17          18  0.99850997362529681     
          17          19  0.99721140191176783     
          17          20  0.97310528949910446     
          20          21  0.93026667723868495     
          21          22   1.1492990635817129     
          22          23  0.94050212400357258     
          23          24  0.97980402766857222     
          24          25   1.0070803825731753     
          25          26   1.2551120300383263     
          26          27  0.91947182247044856     
          27          28  0.97825681112870166     
          28          29   1.3064903466066367     
          29          30  0.93362855102153297     
          30          31  0.97276470680997895     
          31          32   1.0085981001150472     
          31          33   1.0064849037582044     
          30          34  0.95850915664023240     
          34          35   1.2872831836645222     
          35          36  0.92557238896259098     
          36          37  0.98532596948953988     
          37          38  0.99405502862835593     
          38          39  0.99507117119235422     
          39          40   1.2143196847291857     
          40          41   1.0257497232228425     
          41          42   2.7595372141335814     
          42          43   1.0186744052059762     
          43          44  0.96954876384956434     
          44          45   1.0156567794498750     
          44          46   1.0167851559702052     
          43          47  0.96436060599570739     
          43          48  0.97178447841187232     
          39          49  0.19485550010227148     
          40          49   1.6387226919736055     
          39          50  0.99474541013914919     
          36          51  0.97441938676569106     
          50          51  0.99447749826989285     
          34          52  0.20235345982696343     
          35          52   1.6380051295542246     
          34          53  0.99463851405345105     
          28          54  0.19884099447910544     
          29          54   1.6204404968791781     
          27          55  0.99038730979755341     
          55          56  0.99002416608639598     
          56          57  0.98058766779879636     
          57          58   1.0032567246961319     
          58          59  0.98872709568786843     
          59          60  0.99516108826846694     
          56          61  0.97617447249062983     
          60          61  0.98421558615362181     
          25          62  0.20415890867313602     
          26          62   1.6640215323353376     
          25          63  0.97403427288716338     
          63          64  0.99683958802383432     
          23          65  0.97781227336227861     
          64          65   1.0070508836888918     
          21          66  0.18301189509838856     
          22          66   1.7632563712593783     
          15          67   1.2057123750943897     
          12          68   1.1555670177309887     
          67          68   1.2475328152395835     
          68          69   1.3296385291491275     
          69          70   1.5070557152301891     
          58          71   1.0613216439489785     
          70          71   1.3076690245168394     
          67          72   1.3242199054142980     
          69          72  0.10405805121746042     
          71          72   1.4380635935847330     
          36          73  0.89399605094824008     
           1          74  0.98358127141245588     
           1          75  0.98304259305635877     
           1          76  0.98492342510223863     
           2          77  0.95240305375985279     
           4          78  0.97554608300126933     
           4          79  0.97855032962046407     
           4          80  0.97656982740824538     
           7          81  0.96324171162178418     
           8          82  0.96949002133893114     
           9          83  0.96634783456463591     
          13          84  0.96882454129595197     
          13          85  0.96953509789620995     
          14          86  0.98623832224221253     
          14          87  0.98516661356332857     
          14          88  0.98607727658147581     
          16          89  0.96707383134914260     
          16          90  0.96719346744930090     
          18          91  0.98519657371094715     
          18          92  0.98387653703413813     
          18          93  0.98507363831127448     
          19          94  0.98353377625007710     
          19          95  0.98228498610942339     
          19          96  0.98489863376009579     
          20          97  0.96342154846820838     
          20          98  0.96532642398174551     
          23          99  0.95743874824365283     
          24         100  0.90658230728574241     
          27         101  0.93744667915041568     
          28         102  0.92390059529636415     
          30         103  0.94871331317598417     
          31         104  0.96401780877480847     
          32         105  0.98387930025764325     
          32         106  0.98499563783572730     
          32         107  0.98580110373441687     
          33         108  0.98470560356626147     
          33         109  0.98407328522173776     
          33         110  0.98646204490083678     
          37         111  0.97071021681587166     
          37         112  0.97391806219624133     
          38         113  0.95928886054048490     
          38         114  0.96211824933434009     
          45         115  0.97343193079122092     
          45         116  0.97798995504857533     
          45         117  0.98098872545944671     
          46         118  0.97977534644941933     
          46         119  0.97213723096515126     
          46         120  0.98067939766908474     
          47         121  0.98178961270534926     
          47         122  0.98507770966688157     
          47         123  0.98508012556621116     
          48         124  0.98035240719174965     
          48         125  0.98522035798207985     
          48         126  0.98391671763456179     
          50         127  0.96703785954347488     
          50         128  0.96377923374660590     
          51         129  0.97046357483039070     
          51         130  0.97062811633759583     
          53         131  0.97043117599402329     
          53         132  0.97285050047571342     
          53         133  0.96877846539199219     
          55         134  0.96844327948960118     
          55         135  0.97143293848188117     
          56         136  0.95530615024318133     
          57         137  0.97086158984108395     
          57         138  0.95271923602677178     
          59         139  0.96894603100365928     
          59         140  0.96469712277556130     
          60         141  0.96577518751677116     
          60         142  0.96573329750856107     
          63         143  0.96559311460465147     
          63         144  0.96886934340062536     
          64         145  0.97726463641393113     
          64         146  0.97353306823902019     
          65         147  0.97296485897591478     
          65         148  0.97560014151808128     
          69         149  0.96676967764645461     
          70         150  0.96666889359523456     
          72         151  0.95989576896563655     
