   -0.11788055
    0.11594137
   -0.31473791
    0.04476209
    0.08724874
   -0.21655852
    0.05679540
   -0.04326498
   -0.01702084
   -0.00093569
    0.01997288
   -0.04627002
    0.00635947
   -0.11027033
   -0.03714596
   -0.06824342
    0.02273541
   -0.11303652
   -0.11308665
    0.07576127
   -0.25072972
    0.35100080
    0.02852773
   -0.19796860
   -0.02175305
    0.24207947
    0.02774933
   -0.16608225
    0.27077957
    0.00382973
   -0.01233010
   -0.11012768
   -0.11111269
   -0.08037590
    0.25143227
    0.15504318
   -0.06384813
    0.00251579
   -0.09517053
    0.29014814
   -0.07319035
   -0.01368700
    0.10096468
   -0.16924932
   -0.03096522
   -0.03123504
   -0.10813417
   -0.10618737
   -0.43816174
   -0.00107991
   -0.06773145
   -0.46408375
   -0.04794943
   -0.44442200
   -0.06831826
    0.11258411
    0.00832519
   -0.15709199
    0.00573078
    0.07759625
   -0.32273557
   -0.43668874
   -0.01057391
   -0.06176780
   -0.06465540
   -0.41139614
   -0.02504390
    0.02498959
   -0.05268134
   -0.05683586
    0.05281218
   -0.06273196
   -0.27043773
    0.04051315
    0.07008706
    0.04227206
    0.01445360
    0.02690243
    0.05695799
    0.03013436
    0.04281154
    0.03870984
    0.03960708
    0.04760764
    0.04161186
    0.05047520
    0.04485971
    0.04389835
    0.05703392
    0.04442345
    0.03797118
    0.04705966
    0.03766693
    0.04732412
    0.03956374
    0.04304856
    0.06063636
    0.04798728
    0.02793035
    0.19631635
    0.07110641
    0.20217577
    0.07957119
    0.05271085
    0.03553778
    0.04430316
    0.04116876
    0.03899286
    0.04584512
    0.04647603
    0.04890905
    0.06006695
    0.05069175
    0.08187621
    0.03962372
    0.04422145
    0.01004268
    0.04058241
    0.03872096
    0.01095907
    0.05652685
    0.04305159
    0.04231327
    0.03984939
    0.03628462
    0.03308825
    0.05339067
    0.05712780
    0.07294447
    0.05992809
    0.05855499
    0.06787769
    0.07766326
    0.06988357
    0.05102706
    0.02361531
    0.03135966
    0.02580205
    0.04328168
    0.03026711
    0.02314264
    0.05908714
    0.07939748
    0.06500040
    0.04107027
    0.04821483
    0.05806610
    0.04885171
    0.02394716
    0.02861377
    0.01862513
