           1           2  0.99920423575226514     
           2           3  0.96240446405694413     
           3           4  0.99738020640506864     
           2           5  0.97505325496356154     
           5           6   1.4306961111386955     
           6           7   1.4365117864335148     
           5           8  0.11110923390552391     
           7           8   1.4244564363185832     
           8           9   1.4406090609403761     
           5          10   1.3547958122301871     
           7          10  0.11293349818514900     
           9          10   1.4103679683064234     
          10          11   1.0144459597511961     
          11          12   1.1587423288152880     
          12          13  0.99583590428790525     
          13          14   1.0053291292802169     
          11          15   1.5224113549133429     
          15          16   1.0188129874548801     
          16          17  0.96558623629509532     
          17          18  0.99816102128504247     
          17          19  0.99763560711504740     
          17          20  0.98170243082213193     
          20          21  0.92605114971806557     
          21          22   1.1647131065962215     
          22          23  0.94302495679165044     
          23          24  0.99541604065492739     
          24          25   1.0069731446864363     
          25          26   1.2505685173956627     
          26          27  0.92115364653183052     
          27          28  0.98036873244437617     
          28          29   1.2903151163152387     
          29          30  0.92863944756239514     
          30          31  0.97797839452249546     
          31          32   1.0087457187996671     
          31          33   1.0057163875392716     
          30          34  0.95535418522930748     
          34          35   1.2905772744123716     
          35          36  0.92776536426961620     
          36          37  0.96798420281556619     
          37          38  0.99327782038621160     
          38          39  0.99300890679027232     
          39          40   1.2126564674375000     
          40          41   1.0240918370954313     
          41          42   2.7584944220217116     
          42          43   1.0190517578071321     
          43          44  0.97359457535784610     
          44          45   1.0160800131286842     
          44          46   1.0173571075913956     
          43          47  0.97008216778742140     
          43          48  0.96289838378402370     
          39          49  0.19554548241709530     
          40          49   1.6426218829857513     
          39          50  0.99684739045257487     
          36          51  0.98255335251464127     
          50          51  0.99485688096541569     
          34          52  0.19747239339823025     
          35          52   1.6293945494642872     
          34          53  0.99100068956366405     
          28          54  0.20173837975700123     
          29          54   1.6522319157585854     
          27          55  0.98943516220377670     
          55          56  0.99052104265130092     
          56          57  0.97907869644435930     
          57          58   1.0039016775958047     
          58          59  0.98825275751931085     
          59          60  0.99486535637438778     
          56          61  0.97568664332438582     
          60          61  0.98398520386634492     
          25          62  0.20195077369059292     
          26          62   1.6698117263045171     
          25          63  0.97488970023165156     
          63          64  0.99618967020326954     
          23          65  0.98653481184219627     
          64          65   1.0066001256265584     
          21          66  0.18028593130287573     
          22          66   1.7389008753083934     
          15          67   1.2087464052703638     
          12          68   1.1574135382533417     
          67          68   1.2463368478791292     
          68          69   1.3287144605460046     
          69          70   1.5093002048204265     
          58          71   1.0607418326282885     
          70          71   1.3058918253504164     
          67          72   1.3219092898374996     
          69          72  0.10353561349778657     
          71          72   1.4409481008869109     
          36          73  0.90471833143833569     
           1          74  0.98350869402624674     
           1          75  0.98280544422311644     
           1          76  0.98505105815199712     
           2          77  0.95300961761709257     
           4          78  0.97559933907706253     
           4          79  0.97853050538034658     
           4          80  0.97652925773941945     
           7          81  0.96317409583356417     
           8          82  0.96943252198783325     
           9          83  0.96611027714855913     
          13          84  0.96858531829914407     
          13          85  0.96970200964540043     
          14          86  0.98591140159341661     
          14          87  0.98507549438025266     
          14          88  0.98566855957802746     
          16          89  0.96585694721812421     
          16          90  0.96763539820634326     
          18          91  0.98351389340524942     
          18          92  0.98153687471970130     
          18          93  0.98491385885362726     
          19          94  0.98425925284755245     
          19          95  0.98491474480297891     
          19          96  0.98507345310398597     
          20          97  0.96271272030060873     
          20          98  0.96598502118239427     
          23          99  0.92808212464286410     
          24         100  0.90524472765536168     
          27         101  0.93909283118112774     
          28         102  0.92111228103068465     
          30         103  0.94633071335904195     
          31         104  0.96031029710897542     
          32         105  0.98527362057209678     
          32         106  0.98523864872699696     
          32         107  0.98618423397625876     
          33         108  0.98617082122318855     
          33         109  0.98525636449685172     
          33         110  0.98482459543332346     
          37         111  0.97217599419168144     
          37         112  0.97313720094931899     
          38         113  0.96631634964901714     
          38         114  0.96282086076263385     
          45         115  0.98094410093602891     
          45         116  0.97659632281653819     
          45         117  0.97256408076914780     
          46         118  0.97956083724928478     
          46         119  0.98021340932746914     
          46         120  0.97234645755046101     
          47         121  0.98482782458752360     
          47         122  0.97964534093178179     
          47         123  0.98463266597269872     
          48         124  0.98211514151622170     
          48         125  0.98522190573351898     
          48         126  0.98610165991848087     
          50         127  0.96549024812483863     
          50         128  0.96291415573727868     
          51         129  0.96951884865669891     
          51         130  0.97093168972242416     
          53         131  0.97546438059259977     
          53         132  0.97295562778631295     
          53         133  0.97381710680498945     
          55         134  0.96811179183035934     
          55         135  0.97145056989289846     
          56         136  0.95586917122374193     
          57         137  0.97158555761241105     
          57         138  0.95347305743921940     
          59         139  0.96953457017293876     
          59         140  0.96407118219607568     
          60         141  0.96582546719028728     
          60         142  0.96543756476219844     
          63         143  0.96631410196938172     
          63         144  0.96967645769279742     
          64         145  0.97765956462567849     
          64         146  0.97478260032532749     
          65         147  0.97561544582099868     
          65         148  0.97381345003208153     
          69         149  0.96643751044793291     
          70         150  0.96714786661594165     
          72         151  0.96240143952480872     
