   -0.11789941
    0.11594389
   -0.31514585
    0.04477676
    0.08723599
   -0.21765693
    0.05670116
   -0.04320083
   -0.01689319
   -0.00054295
    0.02031655
   -0.04798451
    0.00678223
   -0.11012230
   -0.03687147
   -0.06864725
    0.02252453
   -0.11321543
   -0.10838862
    0.06704319
   -0.24837841
    0.35245545
    0.01968570
   -0.19400288
   -0.02264707
    0.25959374
    0.02462074
   -0.15771506
    0.27081780
   -0.00062946
   -0.01075954
   -0.10920512
   -0.11125216
   -0.08015905
    0.24923771
    0.15344691
   -0.06408462
    0.00258570
   -0.09527468
    0.29068078
   -0.07352075
   -0.01414480
    0.10095080
   -0.17121301
   -0.02934172
   -0.03133140
   -0.10490012
   -0.10952177
   -0.43866452
   -0.00034131
   -0.06783977
   -0.46027876
   -0.04830136
   -0.44501079
   -0.06968886
    0.11100376
    0.00079728
   -0.14933941
    0.00448475
    0.07517764
   -0.31982799
   -0.43004159
   -0.00919324
   -0.06198124
   -0.06117735
   -0.40896928
   -0.02527044
    0.02384511
   -0.05308871
   -0.05847478
    0.05041434
   -0.07106607
   -0.27186870
    0.04028591
    0.06913494
    0.04393285
    0.01497224
    0.02742848
    0.05670965
    0.02970408
    0.04267078
    0.03870003
    0.03882857
    0.04733271
    0.04118858
    0.04997795
    0.04474803
    0.04345841
    0.05469535
    0.04844632
    0.03769125
    0.04694203
    0.03920965
    0.03756348
    0.03875444
    0.04315166
    0.06041558
    0.06038732
    0.05206947
    0.17450080
    0.08029608
    0.19591066
    0.08574604
    0.04885010
    0.03222105
    0.04319562
    0.04239838
    0.04318214
    0.05133294
    0.03966434
    0.04830609
    0.06006507
    0.05063614
    0.08147199
    0.03725519
    0.00728028
    0.04055336
    0.04222867
    0.03793288
    0.01176705
    0.03999908
    0.04077139
    0.03323441
    0.04861157
    0.05534910
    0.04124425
    0.05354356
    0.05503592
    0.07339136
    0.05844637
    0.05944275
    0.06527219
    0.07390709
    0.06854484
    0.04997888
    0.02502556
    0.04018752
    0.02670858
    0.04466050
    0.02517772
    0.02363905
    0.06150359
    0.08181621
    0.04937740
    0.04497565
    0.04760953
    0.05119488
    0.03929406
    0.02255656
    0.02606716
    0.03419068
