           1           2  0.99979299862262094     
           2           3  0.96260819165114786     
           3           4  0.99748721068474477     
           2           5  0.97519869667804615     
           5           6   1.4316330064470340     
           6           7   1.4349532969353036     
           5           8  0.11125665391444957     
           7           8   1.4260633904960569     
           8           9   1.4391596135790601     
           5          10   1.3534269745332483     
           7          10  0.11319915105202552     
           9          10   1.4130937330260052     
          10          11   1.0136324539032668     
          11          12   1.1569937030275026     
          12          13  0.99636460365503809     
          13          14   1.0052064117077308     
          11          15   1.5260470932441406     
          15          16   1.0186761983867183     
          16          17  0.96658848355134308     
          17          18  0.99750477967756790     
          17          19  0.99806598708738736     
          17          20  0.97703498646644360     
          20          21  0.92497826998012977     
          21          22   1.1689819375565500     
          22          23  0.94034628951491894     
          23          24  0.99025084285727094     
          24          25   1.0070398985286635     
          25          26   1.2421181977091746     
          26          27  0.92659042184491713     
          27          28  0.98376386722778064     
          28          29   1.2845445285694412     
          29          30  0.92557766600205826     
          30          31  0.97716765496293245     
          31          32   1.0086399144927036     
          31          33   1.0061014768608294     
          30          34  0.95682031125313161     
          34          35   1.2916214386721219     
          35          36  0.92483859306876703     
          36          37  0.97068003301419037     
          37          38  0.99280275905714144     
          38          39  0.99274379453219253     
          39          40   1.2133399749356373     
          40          41   1.0232292812322901     
          41          42   2.7589999612680769     
          42          43   1.0204709418241713     
          43          44  0.97083642262085934     
          44          45   1.0182973506528872     
          44          46   1.0167162101215899     
          43          47  0.96041147391639403     
          43          48  0.97251875821125444     
          39          49  0.19519821937400725     
          40          49   1.6422052713388879     
          39          50  0.99692129683219555     
          36          51  0.98258013749820095     
          50          51  0.99491455100497617     
          34          52  0.20239394861193971     
          35          52   1.6335180924990751     
          34          53  0.99345847428423284     
          28          54  0.20423360266377721     
          29          54   1.6676491002125484     
          27          55  0.98865041361379824     
          55          56  0.98843617324175048     
          56          57  0.97915867268648216     
          57          58   1.0048116804074483     
          58          59  0.99187387008649286     
          59          60  0.99412688221466106     
          56          61  0.97627382064411727     
          60          61  0.98445145608346862     
          25          62  0.19845784963604485     
          26          62   1.6828369047141043     
          25          63  0.97569509582563563     
          63          64   1.0004970834821421     
          23          65  0.96568842417760081     
          64          65   1.0059768704377468     
          21          66  0.18404667273710806     
          22          66   1.7408182393393177     
          15          67   1.2062065041101588     
          12          68   1.1550139181233681     
          67          68   1.2471219495307955     
          68          69   1.3294978411753058     
          69          70   1.5078302847762717     
          58          71   1.0686358440508221     
          70          71   1.3039857179748353     
          67          72   1.3237362281429923     
          69          72  0.10378410305451181     
          71          72   1.4348936477877006     
          36          73  0.90324161195390318     
           1          74  0.98366464839559342     
           1          75  0.98307233693106844     
           1          76  0.98482873714430119     
           2          77  0.95226712241908684     
           4          78  0.97548694988377327     
           4          79  0.97850976274805157     
           4          80  0.97663343062955277     
           7          81  0.96319803400721971     
           8          82  0.96945289504196408     
           9          83  0.96636078961129213     
          13          84  0.96876799160037019     
          13          85  0.96967563297684889     
          14          86  0.98606124091431213     
          14          87  0.98510837619961156     
          14          88  0.98608591199004936     
          16          89  0.96719664903685376     
          16          90  0.96669511084662496     
          18          91  0.98310493925958764     
          18          92  0.98260732446696697     
          18          93  0.98500580267238946     
          19          94  0.98512221804734890     
          19          95  0.98490363462477060     
          19          96  0.98526785117676141     
          20          97  0.96050119267411971     
          20          98  0.96506687334901353     
          23          99  0.96213383812829856     
          24         100  0.93285743502199103     
          27         101  0.94073084251682171     
          28         102  0.92644032855679936     
          30         103  0.94274651369794171     
          31         104  0.96166711421999707     
          32         105  0.98595042763076846     
          32         106  0.98540470377333433     
          32         107  0.98615126720419755     
          33         108  0.98552334521850282     
          33         109  0.98421998423918966     
          33         110  0.98613902281088794     
          37         111  0.97112117337547021     
          37         112  0.97301371997885178     
          38         113  0.96672651196198323     
          38         114  0.96326590999195838     
          45         115  0.97643859916323528     
          45         116  0.97189179299531847     
          45         117  0.98079473843664711     
          46         118  0.97941515675979751     
          46         119  0.98021435600646267     
          46         120  0.97302004472394588     
          47         121  0.98545546033274700     
          47         122  0.98140545308738003     
          47         123  0.98510482351431361     
          48         124  0.98399509222058468     
          48         125  0.98496479248585456     
          48         126  0.98003596483884881     
          50         127  0.96549399478588316     
          50         128  0.96195151418830460     
          51         129  0.96932844779028327     
          51         130  0.97084471978106901     
          53         131  0.97550556740556349     
          53         132  0.97332900767694996     
          53         133  0.97547482817275777     
          55         134  0.96944570000522812     
          55         135  0.97191667168365936     
          56         136  0.95682606733769426     
          57         137  0.97029728853754094     
          57         138  0.95758045186777097     
          59         139  0.96881577361623372     
          59         140  0.96383772518108957     
          60         141  0.96622613800497614     
          60         142  0.96582041862025036     
          63         143  0.96348605684080069     
          63         144  0.96561676523460416     
          64         145  0.97697749705449910     
          64         146  0.97349257038083747     
          65         147  0.97483918853912377     
          65         148  0.97555955995556132     
          69         149  0.96674087937200304     
          70         150  0.96670346858714540     
          72         151  0.95993628089448535     
