   -0.11281808
    0.11498464
   -0.31149354
    0.03995582
    0.07898189
   -0.21831241
    0.05636031
   -0.04394937
   -0.01632364
   -0.00519669
    0.01862528
   -0.02661276
   -0.00138093
   -0.10836644
   -0.05000627
   -0.06660797
    0.02275621
   -0.10731007
   -0.11234041
    0.06497726
   -0.25779088
    0.35276179
    0.02687390
   -0.19595325
   -0.02408362
    0.24150598
    0.02556047
   -0.16357276
    0.27282179
    0.01094006
   -0.01493570
   -0.11149488
   -0.11239233
   -0.07285953
    0.24846537
    0.15248976
   -0.06863282
    0.00613148
   -0.08983508
    0.29172378
   -0.07218598
   -0.01517202
    0.10160384
   -0.17552491
   -0.02992901
   -0.03159335
   -0.10576337
   -0.10531468
   -0.46046553
   -0.00245935
   -0.06534303
   -0.46438823
   -0.05742643
   -0.46229351
   -0.07276902
    0.11082257
    0.00898894
   -0.16384902
   -0.00116354
    0.07854185
   -0.31763765
   -0.43695853
   -0.01010082
   -0.06274872
   -0.06641101
   -0.40255025
   -0.02907317
    0.03371235
   -0.04494712
   -0.05868224
    0.04914579
   -0.07421220
   -0.26954974
    0.03782359
    0.05445734
    0.07334205
    0.01408347
    0.04741032
    0.01605080
    0.05308755
    0.03868275
    0.03506361
    0.03365193
    0.04328879
    0.07575350
    0.04731605
    0.03773049
    0.04235910
    0.04674977
    0.03528356
    0.04104683
    0.03673297
    0.04889940
    0.04384245
    0.04131019
    0.03587168
    0.05902056
    0.06504541
    0.02707124
    0.18792543
    0.06389634
    0.20339790
    0.07618155
    0.04882683
    0.04368867
    0.04323037
    0.04374941
    0.04167443
    0.05028074
    0.04030351
    0.05797151
    0.05550323
    0.07631964
    0.05559311
    0.03715675
    0.01533402
    0.03557303
    0.04261042
    0.01202973
    0.03900894
    0.03822263
    0.04076264
    0.03831865
    0.04840918
    0.04721300
    0.04523274
    0.05930528
    0.05829512
    0.06220567
    0.06840699
    0.06237303
    0.07713989
    0.07738547
    0.08218049
    0.04650795
    0.02312229
    0.03468703
    0.02904517
    0.03574866
    0.05192293
    0.02356704
    0.05289445
    0.07910707
    0.06496228
    0.04263260
    0.04971434
    0.06317459
    0.05640016
    0.02812643
    0.02483042
    0.02892559
