           1           2  0.99464719500366772     
           2           3  0.96769604300437306     
           3           4  0.99523038226404337     
           2           5  0.97463637362254374     
           5           6   1.4238165900642588     
           6           7   1.4435185703916149     
           5           8  0.10951838288293615     
           7           8   1.4158314668210730     
           8           9   1.4496828351808655     
           5          10   1.3531499690246680     
           7          10  0.11014962469390244     
           9          10   1.3961807657780760     
          10          11   1.0276005880203869     
          11          12   1.1730166779892823     
          12          13  0.99283639347074737     
          13          14   1.0063522866157495     
          11          15   1.4967132659705684     
          15          16   1.0187265068280267     
          16          17  0.96666119698238318     
          17          18  0.99891485937868363     
          17          19  0.99733356094056091     
          17          20  0.97184397789847765     
          20          21  0.92788751736551012     
          21          22   1.1572412980876070     
          22          23  0.94104440749700591     
          23          24  0.98837764790343507     
          24          25   1.0052193353819789     
          25          26   1.2537483871339239     
          26          27  0.92010794598330914     
          27          28  0.97468838637522248     
          28          29   1.2953290127772048     
          29          30  0.93502016686156497     
          30          31  0.96703105187741967     
          31          32   1.0070695480179312     
          31          33   1.0067489816811086     
          30          34  0.96434202126144597     
          34          35   1.2927661415298366     
          35          36  0.92580242154482184     
          36          37  0.97403806950643890     
          37          38  0.99261320815288234     
          38          39  0.99001493721661882     
          39          40   1.2335354134514109     
          40          41   1.0285644102579494     
          41          42   2.7562872189441672     
          42          43   1.0189977845822360     
          43          44  0.97043753076392103     
          44          45   1.0159955634935540     
          44          46   1.0165553690282934     
          43          47  0.96447639510391370     
          43          48  0.97040794498599703     
          39          49  0.19241250852971620     
          40          49   1.6105217593058501     
          39          50  0.99453302486857975     
          36          51  0.98289544190135436     
          50          51  0.99600065415127870     
          34          52  0.20131030255304733     
          35          52   1.6269011650958070     
          34          53  0.99421848682946867     
          28          54  0.19812281183265387     
          29          54   1.6331594520239545     
          27          55  0.99205339785579261     
          55          56  0.98606774130465591     
          56          57  0.98302422431704595     
          57          58   1.0019250896865697     
          58          59  0.98357303458896450     
          59          60  0.99504721697201248     
          56          61  0.97605245663670437     
          60          61  0.98443463884024707     
          25          62  0.20313486342520237     
          26          62   1.6662634366053282     
          25          63  0.97325637392499054     
          63          64  0.99638347219058754     
          23          65  0.99073853230916020     
          64          65   1.0083970913720237     
          21          66  0.17951111160995056     
          22          66   1.7505435768459390     
          15          67   1.2159682733577484     
          12          68   1.1696312915141576     
          67          68   1.2449667087428302     
          68          69   1.3232994837492513     
          69          70   1.5132998802727200     
          58          71   1.0572761889517919     
          70          71   1.3053058011711547     
          67          72   1.3138236816080511     
          69          72  0.10407967734685795     
          71          72   1.4400027940356293     
          36          73  0.90258696144148021     
           1          74  0.98126017532227694     
           1          75  0.98364527768648635     
           1          76  0.98138138832271860     
           2          77  0.94858064305867573     
           4          78  0.96849310608680006     
           4          79  0.97667819336641570     
           4          80  0.97982650055669596     
           7          81  0.96336552637193540     
           8          82  0.96957990554512663     
           9          83  0.96573244692477700     
          13          84  0.96887289875669125     
          13          85  0.96028459521702192     
          14          86  0.98511049665046924     
          14          87  0.98489394216634674     
          14          88  0.98541548543571822     
          16          89  0.96848429850981144     
          16          90  0.96422004841887965     
          18          91  0.98494680326647266     
          18          92  0.98526397165490209     
          18          93  0.98306264073003002     
          19          94  0.98425011012847918     
          19          95  0.98391229247914835     
          19          96  0.98339187077390755     
          20          97  0.96544202681015423     
          20          98  0.96164858622835836     
          23          99  0.93473885260152945     
          24         100  0.90905173848536069     
          27         101  0.94423884205809072     
          28         102  0.92521779608024235     
          30         103  0.94957154941834654     
          31         104  0.96415076843736391     
          32         105  0.98557510982279861     
          32         106  0.98287922589069465     
          32         107  0.98514078345103617     
          33         108  0.98553273125981622     
          33         109  0.98429316490497132     
          33         110  0.98423991465550409     
          37         111  0.96481073711833742     
          37         112  0.96751583712378564     
          38         113  0.95603796029225196     
          38         114  0.96590531560689297     
          45         115  0.98100909811547043     
          45         116  0.97328110227334519     
          45         117  0.97788789928505437     
          46         118  0.97973907150845752     
          46         119  0.97214316863615546     
          46         120  0.98062547505909359     
          47         121  0.98181966466166237     
          47         122  0.98527849659501821     
          47         123  0.98514813648888988     
          48         124  0.98506509139835030     
          48         125  0.98335322470119024     
          48         126  0.98018550925291625     
          50         127  0.96322956073173138     
          50         128  0.96421894271123310     
          51         129  0.97176035597803434     
          51         130  0.96826306463466860     
          53         131  0.97095754322703187     
          53         132  0.97124016967184312     
          53         133  0.96667256490545095     
          55         134  0.96679117762918998     
          55         135  0.97458249975740474     
          56         136  0.95699838187856812     
          57         137  0.96936187171551413     
          57         138  0.95645745026536422     
          59         139  0.97080267581358892     
          59         140  0.95288537484143709     
          60         141  0.96593111952662136     
          60         142  0.96996773006425152     
          63         143  0.96603992615470291     
          63         144  0.96956853172056756     
          64         145  0.97720273098888766     
          64         146  0.97430600849704674     
          65         147  0.97422388464894305     
          65         148  0.97337670208299365     
          69         149  0.96607796833527360     
          70         150  0.96737893304161249     
          72         151  0.95966208335872738     
