   -0.11621042
    0.11534510
   -0.31698067
    0.04474850
    0.08739985
   -0.21461393
    0.05630748
   -0.04214106
   -0.01522648
    0.00019106
    0.02065405
   -0.03835989
   -0.00320840
   -0.11089280
   -0.04847557
   -0.06775909
    0.02309290
   -0.11963648
   -0.10998522
    0.06752142
   -0.25320101
    0.35398902
    0.02580477
   -0.19949768
   -0.02542510
    0.24090038
    0.02331001
   -0.16742517
    0.27422174
    0.01341524
   -0.01540973
   -0.11197201
   -0.11256633
   -0.07740723
    0.24978984
    0.15233420
   -0.06659036
    0.00030441
   -0.09109666
    0.29002069
   -0.07592495
   -0.02669503
    0.10298600
   -0.17373686
   -0.03302251
   -0.03171605
   -0.10861616
   -0.10900670
   -0.46013671
    0.00714438
   -0.07565918
   -0.46264040
   -0.05629329
   -0.45970905
   -0.07485342
    0.10626292
   -0.00388726
   -0.13359835
    0.00115841
    0.08055659
   -0.32449578
   -0.43909369
   -0.00886247
   -0.06237832
   -0.06582720
   -0.40054505
   -0.02725670
    0.03098475
   -0.04616327
   -0.06594338
    0.04974278
   -0.07497708
   -0.27073889
    0.07010461
    0.04066910
    0.03716035
    0.01856835
    0.05883672
    0.03177202
    0.02246391
    0.04044594
    0.03633020
    0.03550611
    0.03977607
    0.08155427
    0.04054999
    0.04193444
    0.04791947
    0.05401164
    0.02950202
    0.03270185
    0.05791229
    0.04260540
    0.03371068
    0.03952683
    0.05358328
    0.06238385
    0.05840097
    0.02831841
    0.18436673
    0.06747680
    0.19180690
    0.06802422
    0.05249759
    0.05195910
    0.03940612
    0.03982498
    0.04486323
    0.04372133
    0.04376308
    0.06212345
    0.07258166
    0.05416914
    0.05764492
    0.02040789
    0.04061958
    0.03762388
    0.01863500
    0.03749442
    0.03843246
    0.04180165
    0.05362241
    0.04474586
    0.04106613
    0.04177326
    0.05295400
    0.04702776
    0.07645720
    0.06723670
    0.05647293
    0.06469126
    0.07975055
    0.07045030
    0.05882847
    0.06880650
    0.03169465
    0.06055795
    0.04648429
    0.04359864
    0.02966820
    0.05100717
    0.02482307
    0.07868267
    0.06358080
    0.04358884
    0.04941741
    0.06568812
    0.05274009
    0.02736317
    0.01923339
    0.02016779
