           1           2  0.99587097233445743     
           2           3  0.95872816490103574     
           3           4  0.99727462797864452     
           2           5  0.97517786329059530     
           5           6   1.4286597680635456     
           6           7   1.4396414877204873     
           5           8  0.10987871511557179     
           7           8   1.4184851768056681     
           8           9   1.4481220286589818     
           5          10   1.3525642112969865     
           7          10  0.11029343046123755     
           9          10   1.3981292881585705     
          10          11   1.0273836200847266     
          11          12   1.1672820164686368     
          12          13  0.98887021011142284     
          13          14   1.0089987125819526     
          11          15   1.5062498549806631     
          15          16   1.0163586134428308     
          16          17  0.96981176187893792     
          17          18  0.99806707711473741     
          17          19  0.99779055806730621     
          17          20  0.96983025966324599     
          20          21  0.92853068280335238     
          21          22   1.1623893237489975     
          22          23  0.93652135891861810     
          23          24  0.98031283179836626     
          24          25   1.0057806279215640     
          25          26   1.2557179869240158     
          26          27  0.91899597289673496     
          27          28  0.97230636637540369     
          28          29   1.2912027209432730     
          29          30  0.93313981506572641     
          30          31  0.97037782473865741     
          31          32   1.0059374242726953     
          31          33   1.0072323721138396     
          30          34  0.96241541822968601     
          34          35   1.2825817634147416     
          35          36  0.92662111912399836     
          36          37  0.98352888110819103     
          37          38  0.99698818678066037     
          38          39  0.99534227332386116     
          39          40   1.2324512373168819     
          40          41   1.0274972412433958     
          41          42   2.7515236415654538     
          42          43   1.0135541064786882     
          43          44  0.96400042753576032     
          44          45   1.0131373420048657     
          44          46   1.0137404675061525     
          43          47  0.97321307860857120     
          43          48  0.97648790657374818     
          39          49  0.19286908741132189     
          40          49   1.6118993755018187     
          39          50  0.99094002971217576     
          36          51  0.97447978677744029     
          50          51  0.99487687753412468     
          34          52  0.20118911644387544     
          35          52   1.6395777372858777     
          34          53  0.99542362795114736     
          28          54  0.19512019983505821     
          29          54   1.6325982423442436     
          27          55  0.98967218725828388     
          55          56  0.98508471593296043     
          56          57  0.98115593723969574     
          57          58   1.0061902400087377     
          58          59  0.99042909915174815     
          59          60  0.99117020601625305     
          56          61  0.96342167708894433     
          60          61  0.99111705979821019     
          25          62  0.20261978998269620     
          26          62   1.6623516056682857     
          25          63  0.97234323876628626     
          63          64  0.99659839328559630     
          23          65  0.99384276382027514     
          64          65   1.0079798863505944     
          21          66  0.18352986064095117     
          22          66   1.7526859875169714     
          15          67   1.2098412421069806     
          12          68   1.1618658914688471     
          67          68   1.2447737378516397     
          68          69   1.3276495927633727     
          69          70   1.5108027830154322     
          58          71   1.1017681494955625     
          70          71   1.2885310715256120     
          67          72   1.3167286367085997     
          69          72  0.10341863634014450     
          71          72   1.4167569746008297     
          36          73  0.90019087352712712     
           1          74  0.98212585093356708     
           1          75  0.98389220626208496     
           1          76  0.98380923042315505     
           2          77  0.95187144460877238     
           4          78  0.97815992657380912     
           4          79  0.97637037878752742     
           4          80  0.97558368061932288     
           7          81  0.96336861553370678     
           8          82  0.96952090653785916     
           9          83  0.96756918332628683     
          13          84  0.96980471305384630     
          13          85  0.95542804846224594     
          14          86  0.98145187682358970     
          14          87  0.98512945538187036     
          14          88  0.98228359467557746     
          16          89  0.96637128185280352     
          16          90  0.96520196259590008     
          18          91  0.98419117647261034     
          18          92  0.97163514617980729     
          18          93  0.98384591012970102     
          19          94  0.98571934221228164     
          19          95  0.98427034543934044     
          19          96  0.97935685620934487     
          20          97  0.96569939540514949     
          20          98  0.96446055707738798     
          23          99  0.94331140260297430     
          24         100  0.90805094792991436     
          27         101  0.94672831770062627     
          28         102  0.92912515106876692     
          30         103  0.95221429457093165     
          31         104  0.96309200844731691     
          32         105  0.98413907331923556     
          32         106  0.98362307086452083     
          32         107  0.98571464729710001     
          33         108  0.98518244855038595     
          33         109  0.98546768310725519     
          33         110  0.98258874980604538     
          37         111  0.97191172877366605     
          37         112  0.96984960614872018     
          38         113  0.96367909410470376     
          38         114  0.96345564380990290     
          45         115  0.97476460838039725     
          45         116  0.97991913580420320     
          45         117  0.98116724338892058     
          46         118  0.97152683064347312     
          46         119  0.98119198001596941     
          46         120  0.98008020409545960     
          47         121  0.98431267224088748     
          47         122  0.98224417056611846     
          47         123  0.98348579807294123     
          48         124  0.98431885250122741     
          48         125  0.98395404326567804     
          48         126  0.98297320266992949     
          50         127  0.96531146402420887     
          50         128  0.96284678520095801     
          51         129  0.95752441792600607     
          51         130  0.96640745447646448     
          53         131  0.97093717763692533     
          53         132  0.97048680179515934     
          53         133  0.96862974331754670     
          55         134  0.97017376398218858     
          55         135  0.96830295055616578     
          56         136  0.95789198113330165     
          57         137  0.95791145986021053     
          57         138  0.96432926488551951     
          59         139  0.97110591159666826     
          59         140  0.96875785303599404     
          60         141  0.96863273138116235     
          60         142  0.96681015796102299     
          63         143  0.96611653047822432     
          63         144  0.96941913621798081     
          64         145  0.97714744804745224     
          64         146  0.97428046093933340     
          65         147  0.97352509007901822     
          65         148  0.97388967143672533     
          69         149  0.96292064314003445     
          70         150  0.96627044461486911     
          72         151  0.95779167943213661     
