   -0.11411218
    0.10958032
   -0.31794107
    0.04492665
    0.07821469
   -0.24040036
    0.05800087
   -0.04395644
   -0.01549334
    0.00442281
    0.02464206
   -0.03513509
   -0.00379228
   -0.10853347
   -0.04122363
   -0.06480659
    0.02212717
   -0.11184385
   -0.10694019
    0.06466222
   -0.25816007
    0.35261093
    0.02697542
   -0.19622278
   -0.02364891
    0.24246960
    0.02607885
   -0.16529080
    0.27165531
    0.00855779
   -0.01461739
   -0.11015040
   -0.11220040
   -0.07219972
    0.24778611
    0.15254683
   -0.06477834
   -0.00295438
   -0.08908123
    0.28984091
   -0.07319465
   -0.01638194
    0.10108531
   -0.17267971
   -0.03147686
   -0.03101274
   -0.10511612
   -0.10909256
   -0.45706816
    0.00167204
   -0.06725693
   -0.46679052
   -0.05651603
   -0.46117986
   -0.07247203
    0.11082162
    0.01026106
   -0.16860869
    0.00220214
    0.07893417
   -0.31990233
   -0.43579582
   -0.01024423
   -0.06273935
   -0.06628788
   -0.40344636
   -0.02882672
    0.02948680
   -0.04587294
   -0.05870044
    0.04753642
   -0.07372369
   -0.26908434
    0.06318648
    0.04557273
    0.05175335
    0.04019506
    0.05484594
    0.02933449
    0.02734093
    0.03839786
    0.03654933
    0.03785227
    0.04184518
    0.08056560
    0.04839730
    0.03637525
    0.04294025
    0.04571625
    0.03937325
    0.04216457
    0.04155351
    0.03572556
    0.04856188
    0.03973730
    0.03522280
    0.05835964
    0.06636462
    0.02665729
    0.18836295
    0.06309016
    0.20486330
    0.07895234
    0.04828477
    0.04347559
    0.04152953
    0.04334445
    0.04014692
    0.04192089
    0.04943737
    0.05918171
    0.06660115
    0.05741210
    0.05843505
    0.01295350
    0.04543287
    0.03682611
    0.01150614
    0.03821427
    0.04068008
    0.03711920
    0.04062942
    0.03854250
    0.04155926
    0.04451444
    0.04949573
    0.05813152
    0.08552841
    0.05473470
    0.06163216
    0.08282780
    0.05835091
    0.07388919
    0.08173707
    0.04558280
    0.02375134
    0.03464867
    0.02535080
    0.03618261
    0.04440851
    0.02394281
    0.05349095
    0.07908866
    0.06506719
    0.04222661
    0.04954968
    0.06269342
    0.05648096
    0.03996503
    0.02392556
    0.02956791
