           1           2  0.98506966095509774     
           2           3  0.96855446052312499     
           3           4  0.99817280745770443     
           2           5  0.97691778551776820     
           5           6   1.4148548297511558     
           6           7   1.4417217742550001     
           5           8  0.10894888155558854     
           7           8   1.4196549888013363     
           8           9   1.4456487906282989     
           5          10   1.3610966231064847     
           7          10  0.11194360195754570     
           9          10   1.4020450757745262     
          10          11   1.0138973226178276     
          11          12   1.1698702743735527     
          12          13  0.99225361496981412     
          13          14   1.0052057629838467     
          11          15   1.5154178134253611     
          15          16   1.0183223625439710     
          16          17  0.96718794718326984     
          17          18  0.99680072422820687     
          17          19  0.99874213891336849     
          17          20  0.97245120739162993     
          20          21  0.92666892039713589     
          21          22   1.1580877205293236     
          22          23  0.94122162972415024     
          23          24  0.98894590021453976     
          24          25   1.0052022356270185     
          25          26   1.2528577931345168     
          26          27  0.92091970504500742     
          27          28  0.97504299431148178     
          28          29   1.2956635120164044     
          29          30  0.93603832454104807     
          30          31  0.96416944997162135     
          31          32   1.0076220370047517     
          31          33   1.0071985567780537     
          30          34  0.96640092684298540     
          34          35   1.2949064387098916     
          35          36  0.92714614013980923     
          36          37  0.98172791955853522     
          37          38  0.99630001693472914     
          38          39  0.99539557228460218     
          39          40   1.2340829371043713     
          40          41   1.0240556913342860     
          41          42   2.7615224053802274     
          42          43   1.0174681557407201     
          43          44  0.97197614782078112     
          44          45   1.0151234241575426     
          44          46   1.0172711174752340     
          43          47  0.96188135995260571     
          43          48  0.97423945944547774     
          39          49  0.19600578610890845     
          40          49   1.6169558143915703     
          39          50  0.98910676390490204     
          36          51  0.97222606788525479     
          50          51  0.99327586662501566     
          34          52  0.20118693491892187     
          35          52   1.6220139345934612     
          34          53  0.99411328082162931     
          28          54  0.19869964248129401     
          29          54   1.6319972002525915     
          27          55  0.99135655637899245     
          55          56  0.98633111125482753     
          56          57  0.98340243509654535     
          57          58   1.0025401144753316     
          58          59  0.98390015636534867     
          59          60  0.99544828854108658     
          56          61  0.97512008761440416     
          60          61  0.98356227947796315     
          25          62  0.20312594863375555     
          26          62   1.6680506524288066     
          25          63  0.97350640283481138     
          63          64  0.99619624448874644     
          23          65  0.99057102287792331     
          64          65   1.0083476466358734     
          21          66  0.17959900361489772     
          22          66   1.7494058666236687     
          15          67   1.2112064486576550     
          12          68   1.1637965028855435     
          67          68   1.2464303115769026     
          68          69   1.3263406754721221     
          69          70   1.5099581489919316     
          58          71   1.0490202635611137     
          70          71   1.3087521698921250     
          67          72   1.3170378358520156     
          69          72  0.10478805588397117     
          71          72   1.4416382953281319     
          36          73  0.90445854255048386     
           1          74  0.97717429593272187     
           1          75  0.98492650722054875     
           1          76  0.98268718410257172     
           2          77  0.95760745287900273     
           4          78  0.97699991421155474     
           4          79  0.97592547548536990     
           4          80  0.97681568579148759     
           7          81  0.96335077322471840     
           8          82  0.96937448092192446     
           9          83  0.96568655576577700     
          13          84  0.96925291144376735     
          13          85  0.96032113027880261     
          14          86  0.98560181240579858     
          14          87  0.98629427320944774     
          14          88  0.98528977284022345     
          16          89  0.96750889513932159     
          16          90  0.96766152876452294     
          18          91  0.98441383943608485     
          18          92  0.98279523393009605     
          18          93  0.98305988436804026     
          19          94  0.98313579330330270     
          19          95  0.98510784071466873     
          19          96  0.98546901035263434     
          20          97  0.96519309895842720     
          20          98  0.96028782995231932     
          23          99  0.93386667096645037     
          24         100  0.90916789277866239     
          27         101  0.94361287357778878     
          28         102  0.92383380162960471     
          30         103  0.94830238948389745     
          31         104  0.96466684566298089     
          32         105  0.98568574149924926     
          32         106  0.98364601259561402     
          32         107  0.98500113487471186     
          33         108  0.98427897511103513     
          33         109  0.98570528546522695     
          33         110  0.98443437038023274     
          37         111  0.97239838268251844     
          37         112  0.97022859635367897     
          38         113  0.96372851387262581     
          38         114  0.96320937622164926     
          45         115  0.97315515096073990     
          45         116  0.97709185123775266     
          45         117  0.98111530078659670     
          46         118  0.97202826012271948     
          46         119  0.98037665506888627     
          46         120  0.97964886865261702     
          47         121  0.98565299037905907     
          47         122  0.98490896164208430     
          47         123  0.98136003683299422     
          48         124  0.98481160413681923     
          48         125  0.98063714443229444     
          48         126  0.98547254458342792     
          50         127  0.96367756127748960     
          50         128  0.95756696299458044     
          51         129  0.96633763265306505     
          51         130  0.96439536587868346     
          53         131  0.96627717282140213     
          53         132  0.97078152314637089     
          53         133  0.96968966107125576     
          55         134  0.96700515186237557     
          55         135  0.97446926003874013     
          56         136  0.95693913976342881     
          57         137  0.96977281499161627     
          57         138  0.95562580329734759     
          59         139  0.97047433194793709     
          59         140  0.95469935747327228     
          60         141  0.96608666240320207     
          60         142  0.96986317004965428     
          63         143  0.96611364163570235     
          63         144  0.96967612580241136     
          64         145  0.97724120850882323     
          64         146  0.97434819264611283     
          65         147  0.97433587499841179     
          65         148  0.97336653696273001     
          69         149  0.96504777839011313     
          70         150  0.96766601232032956     
          72         151  0.95928091523840331     
