   -0.11784951
    0.11596170
   -0.31482756
    0.04471809
    0.08720397
   -0.21681976
    0.05676273
   -0.04331668
   -0.01697377
   -0.00086769
    0.01985820
   -0.04648362
    0.00646306
   -0.11026124
   -0.03710345
   -0.06836985
    0.02277717
   -0.11275813
   -0.11294145
    0.07622971
   -0.25215724
    0.35069925
    0.02853520
   -0.19641895
   -0.02202695
    0.24245188
    0.02871861
   -0.16383165
    0.27152615
    0.00545918
   -0.01372250
   -0.10939359
   -0.11174261
   -0.07919251
    0.25029442
    0.15394787
   -0.06737106
    0.00277696
   -0.09507193
    0.29001999
   -0.07306942
   -0.01388386
    0.10090445
   -0.17039548
   -0.03021783
   -0.03141345
   -0.10898362
   -0.10566537
   -0.43868465
   -0.00142677
   -0.06612318
   -0.46008670
   -0.05700317
   -0.44988028
   -0.06805680
    0.11249601
    0.00942765
   -0.15753909
    0.00539202
    0.07661625
   -0.31884782
   -0.43696322
   -0.01061233
   -0.06176975
   -0.06427410
   -0.40938970
   -0.02513934
    0.02491810
   -0.05275585
   -0.05660580
    0.05287757
   -0.06302562
   -0.27137051
    0.04047359
    0.07001876
    0.04230059
    0.01450423
    0.02708516
    0.05706807
    0.03001137
    0.04261835
    0.03856870
    0.03955659
    0.04745025
    0.04148269
    0.05055055
    0.04471107
    0.04378743
    0.05686062
    0.04510017
    0.04685311
    0.03927414
    0.04307264
    0.03785895
    0.04693964
    0.03767021
    0.05986124
    0.04807583
    0.02818718
    0.19474739
    0.07063825
    0.20616005
    0.07552769
    0.05500623
    0.03263404
    0.04342748
    0.04176266
    0.04573133
    0.04891452
    0.03774328
    0.05299029
    0.05577733
    0.05057831
    0.08160851
    0.04050691
    0.03931401
    0.00901103
    0.04196299
    0.03846524
    0.01157724
    0.05623261
    0.04155118
    0.04628242
    0.04049966
    0.03298429
    0.03749036
    0.05416018
    0.05678267
    0.06949671
    0.06440114
    0.07996534
    0.08172007
    0.05190834
    0.07054005
    0.05014781
    0.02370269
    0.03102890
    0.02176728
    0.04258932
    0.03136959
    0.02258254
    0.06183379
    0.07959716
    0.06485351
    0.04149927
    0.04815323
    0.05746055
    0.04925805
    0.02375518
    0.02906822
    0.01894117
