           1           2  0.99925754196005401     
           2           3  0.96238645647850818     
           3           4  0.99733466751182720     
           2           5  0.97507980947746942     
           5           6   1.4303378345662290     
           6           7   1.4367001455223520     
           5           8  0.11101188772222265     
           7           8   1.4242557765322388     
           8           9   1.4408509176100586     
           5          10   1.3552391975549787     
           7          10  0.11292558481541784     
           9          10   1.4098994955516657     
          10          11   1.0144640393798290     
          11          12   1.1584598344302754     
          12          13  0.99590675123632577     
          13          14   1.0053651770509062     
          11          15   1.5227186907137302     
          15          16   1.0188534304975190     
          16          17  0.96562828221851071     
          17          18  0.99765262554631828     
          17          19  0.99804454329733461     
          17          20  0.98192287574789439     
          20          21  0.92618635499940061     
          21          22   1.1622330091990705     
          22          23  0.94331284909422963     
          23          24  0.99636986699674035     
          24          25   1.0070187570368536     
          25          26   1.2500523761516416     
          26          27  0.92177949222823818     
          27          28  0.97968326095072078     
          28          29   1.2969786972531960     
          29          30  0.92835661731381180     
          30          31  0.97834283520160892     
          31          32   1.0083324774065610     
          31          33   1.0060451910185562     
          30          34  0.95330169142879684     
          34          35   1.2935074851525910     
          35          36  0.92299326223607481     
          36          37  0.97372212357481736     
          37          38  0.99344122285376013     
          38          39  0.99331268616187240     
          39          40   1.2140494991305784     
          40          41   1.0225839282753988     
          41          42   2.7612782707454970     
          42          43   1.0187685596671816     
          43          44  0.97123554353840225     
          44          45   1.0172731126625985     
          44          46   1.0168748792271649     
          43          47  0.97304879047394088     
          43          48  0.96194838198206478     
          39          49  0.19666099449354993     
          40          49   1.6428643135784251     
          39          50  0.99628782518109993     
          36          51  0.98551775987694712     
          50          51  0.99528571713133851     
          34          52  0.20184232274841840     
          35          52   1.6316538573342583     
          34          53  0.99369992417150754     
          28          54  0.20189127840298493     
          29          54   1.6438656463031187     
          27          55  0.98973170940368616     
          55          56  0.99015590988243285     
          56          57  0.97855691922883414     
          57          58   1.0044981113325047     
          58          59  0.98707925655629047     
          59          60  0.99494385954710807     
          56          61  0.97795512662623385     
          60          61  0.98447448262917792     
          25          62  0.20169407699102876     
          26          62   1.6695163329292173     
          25          63  0.97480133949614522     
          63          64  0.99631688046969036     
          23          65  0.98491755868131636     
          64          65   1.0067300283442255     
          21          66  0.18002291564451128     
          22          66   1.7422501510751038     
          15          67   1.2085132223496191     
          12          68   1.1572445452167803     
          67          68   1.2468231616668037     
          68          69   1.3283587464202768     
          69          70   1.5096787476541214     
          58          71   1.0605502696408287     
          70          71   1.3058212267964391     
          67          72   1.3216565485701071     
          69          72  0.10355356161101838     
          71          72   1.4414997725621865     
          36          73  0.89808973765089894     
           1          74  0.98349573457357409     
           1          75  0.98280897731064665     
           1          76  0.98505296364631478     
           2          77  0.95302548324189384     
           4          78  0.97562124081170398     
           4          79  0.97853254427881819     
           4          80  0.97654467277831092     
           7          81  0.96318383844281685     
           8          82  0.96943105200580570     
           9          83  0.96612958508160540     
          13          84  0.96858552811599963     
          13          85  0.96975229447537270     
          14          86  0.98585133720344098     
          14          87  0.98509855103196442     
          14          88  0.98569716750185132     
          16          89  0.96599185589405201     
          16          90  0.96756494095334644     
          18          91  0.98429404944035148     
          18          92  0.98493596708891140     
          18          93  0.98510496652724489     
          19          94  0.98348637018187546     
          19          95  0.98161490293480114     
          19          96  0.98494172101382038     
          20          97  0.96254075565188524     
          20          98  0.96622915458039027     
          23          99  0.92854328461500613     
          24         100  0.90791796580430106     
          27         101  0.93930218911907293     
          28         102  0.91789835841486900     
          30         103  0.94981359796488940     
          31         104  0.96374192826166072     
          32         105  0.98406374642018990     
          32         106  0.98548481231930085     
          32         107  0.98578120063576380     
          33         108  0.98515274254441987     
          33         109  0.98418657940185339     
          33         110  0.98650809452096455     
          37         111  0.97132330922137822     
          37         112  0.97339573380342936     
          38         113  0.96591545242738452     
          38         114  0.96308103034746662     
          45         115  0.98085122693090177     
          45         116  0.97725557951909425     
          45         117  0.97203997992693236     
          46         118  0.97942038770863737     
          46         119  0.98012335114660298     
          46         120  0.97274953283159715     
          47         121  0.98478833191533044     
          47         122  0.98004130280186086     
          47         123  0.98414610161804139     
          48         124  0.98179562217137317     
          48         125  0.98512327338899541     
          48         126  0.98579162276099896     
          50         127  0.96496955768286419     
          50         128  0.96284820637676694     
          51         129  0.97066794516007637     
          51         130  0.97059115896511194     
          53         131  0.97233007063713495     
          53         132  0.96878151602449203     
          53         133  0.97147702645771128     
          55         134  0.96808164790476425     
          55         135  0.97167645911576783     
          56         136  0.95586026554778236     
          57         137  0.97186620235114529     
          57         138  0.95388124109143391     
          59         139  0.96985591882154920     
          59         140  0.96432546825502818     
          60         141  0.96607596183201494     
          60         142  0.96594005561499463     
          63         143  0.96621345944546977     
          63         144  0.96968427446208250     
          64         145  0.97758053264740652     
          64         146  0.97470777345525494     
          65         147  0.97573567215215185     
          65         148  0.97376499077322198     
          69         149  0.96645367413394789     
          70         150  0.96729819810513851     
          72         151  0.96253782656400799     
