   -0.11543578
    0.11549733
   -0.31802648
    0.03837928
    0.08857099
   -0.21304649
    0.05700749
   -0.04294710
   -0.01428204
   -0.00217228
    0.02065558
   -0.02453874
   -0.00092344
   -0.10893663
   -0.05297742
   -0.06511136
    0.02266932
   -0.10683180
   -0.11319262
    0.06428761
   -0.25810746
    0.35286193
    0.02668160
   -0.19558554
   -0.02353178
    0.24162646
    0.02588106
   -0.16308103
    0.27221474
    0.01046751
   -0.01485158
   -0.11120697
   -0.11236122
   -0.07290180
    0.24785413
    0.15279665
   -0.06803387
    0.00756914
   -0.09644233
    0.29021770
   -0.07672049
   -0.02421687
    0.10256533
   -0.17118234
   -0.03224554
   -0.03382559
   -0.10759266
   -0.10865443
   -0.45576617
    0.00101755
   -0.06506367
   -0.46459738
   -0.05730263
   -0.46311155
   -0.07270655
    0.11050002
    0.01028973
   -0.16600385
    0.00191115
    0.07864707
   -0.31772976
   -0.43691428
   -0.01024120
   -0.06269187
   -0.06639324
   -0.40128368
   -0.02917655
    0.03525156
   -0.04291413
   -0.05805649
    0.04770591
   -0.07428730
   -0.26994682
    0.03998916
    0.07021951
    0.03430383
    0.01726274
    0.05301953
    0.02031833
    0.05065161
    0.04056318
    0.03682656
    0.03368347
    0.05207754
    0.07309409
    0.04283182
    0.04567631
    0.03851755
    0.04454817
    0.03195184
    0.04156192
    0.03728461
    0.04752848
    0.03656503
    0.04534076
    0.04056834
    0.05929003
    0.06588986
    0.02606814
    0.18735674
    0.06361417
    0.20427505
    0.07681208
    0.04907853
    0.04223112
    0.04394633
    0.04378298
    0.04191083
    0.05036286
    0.04052864
    0.05843011
    0.05488544
    0.07461583
    0.04949285
    0.04046934
    0.00895095
    0.04197052
    0.03944137
    0.04415065
    0.01628300
    0.05201945
    0.04381189
    0.04597342
    0.05478436
    0.03951663
    0.04194632
    0.05461166
    0.05669768
    0.06070487
    0.06759568
    0.07594280
    0.07915683
    0.06186796
    0.08231250
    0.04680261
    0.02406748
    0.03548503
    0.02588643
    0.03324452
    0.04689101
    0.02380265
    0.05279621
    0.07928113
    0.06528445
    0.04236065
    0.04984417
    0.06416553
    0.05539051
    0.03118074
    0.02150911
    0.02686788
