           1           2  0.99581217291057733     
           2           3  0.96119652869485683     
           3           4  0.99361828722540313     
           2           5  0.97569150082363021     
           5           6   1.4256000054564553     
           6           7   1.4429428332681977     
           5           8  0.11000139581891386     
           7           8   1.4180165545602543     
           8           9   1.4466431732689764     
           5          10   1.3574307624000670     
           7          10  0.11182877278756582     
           9          10   1.4012437247394081     
          10          11   1.0186055062199271     
          11          12   1.1790193275775451     
          12          13  0.99114249611771055     
          13          14   1.0068126218694582     
          11          15   1.5021489068265832     
          15          16   1.0176330668423141     
          16          17  0.96791719507454688     
          17          18  0.99913120684797185     
          17          19  0.99781468245534832     
          17          20  0.97064426020766592     
          20          21  0.92802481310798957     
          21          22   1.1571964458732786     
          22          23  0.94018723903513612     
          23          24  0.98702278491060491     
          24          25   1.0053971116112395     
          25          26   1.2543333921972397     
          26          27  0.92000397291798408     
          27          28  0.97482345008659588     
          28          29   1.2979507606224845     
          29          30  0.93453861751484502     
          30          31  0.96738818902217405     
          31          32   1.0071352492554004     
          31          33   1.0066961941843831     
          30          34  0.96337203974194452     
          34          35   1.2945184795996558     
          35          36  0.92530949803129814     
          36          37  0.97389900923610606     
          37          38  0.99220607690812990     
          38          39  0.99079969572159554     
          39          40   1.2218788585992741     
          40          41   1.0284546470460179     
          41          42   2.7515295134133906     
          42          43   1.0131867339744438     
          43          44  0.96261871995826420     
          44          45   1.0157206848272045     
          44          46   1.0133637648409499     
          43          47  0.97597720227630336     
          43          48  0.97487052097697457     
          39          49  0.18977265513321231     
          40          49   1.6183254696088689     
          39          50  0.99534508453637849     
          36          51  0.98308950299045472     
          50          51  0.99601874596461792     
          34          52  0.20200681798737316     
          35          52   1.6257554360739050     
          34          53  0.99429533679549154     
          28          54  0.19855615509246077     
          29          54   1.6313088652753458     
          27          55  0.99191977902803907     
          55          56  0.98649453269963894     
          56          57  0.98263032885425239     
          57          58   1.0024999239941073     
          58          59  0.98530422307934240     
          59          60  0.99448692034705444     
          56          61  0.97543541471103223     
          60          61  0.98495231697066643     
          25          62  0.20311592982893528     
          26          62   1.6660028115728980     
          25          63  0.97305440221071060     
          63          64  0.99638919286070793     
          23          65  0.99130134504662104     
          64          65   1.0084229457944973     
          21          66  0.17982889624168297     
          22          66   1.7521980287762362     
          15          67   1.2130722867869519     
          12          68   1.1691363414284841     
          67          68   1.2447871220702207     
          68          69   1.3250660484045251     
          69          70   1.5114827640593660     
          58          71   1.0522116670886841     
          70          71   1.3080120139809197     
          67          72   1.3154392418255005     
          69          72  0.10373377476256185     
          71          72   1.4400788448172728     
          36          73  0.90254918528911776     
           1          74  0.98361208469012085     
           1          75  0.98224574333825498     
           1          76  0.98489139665435510     
           2          77  0.95233968670453939     
           4          78  0.97878006370507897     
           4          79  0.97774113200972468     
           4          80  0.96657435534392444     
           7          81  0.96330053850140396     
           8          82  0.96943510800185806     
           9          83  0.96578603812833752     
          13          84  0.96951964013191150     
          13          85  0.96266944499344953     
          14          86  0.98541734316685159     
          14          87  0.98599452382063824     
          14          88  0.98568916165742659     
          16          89  0.96832034958717517     
          16          90  0.96894080670986238     
          18          91  0.98473304855472932     
          18          92  0.98533248415938735     
          18          93  0.98323267689579663     
          19          94  0.98172820836993080     
          19          95  0.98401500009998799     
          19          96  0.98429373171324042     
          20          97  0.96575299861469555     
          20          98  0.96143962613568323     
          23          99  0.93649742224200794     
          24         100  0.90959598661572039     
          27         101  0.94441886742272141     
          28         102  0.92465487723806916     
          30         103  0.94959142129977003     
          31         104  0.96423259684338458     
          32         105  0.98302164096055356     
          32         106  0.98512597789007716     
          32         107  0.98557805429324363     
          33         108  0.98560399210920591     
          33         109  0.98434023078913513     
          33         110  0.98420281877050708     
          37         111  0.96373552600944590     
          37         112  0.96737526511269545     
          38         113  0.95792091404381952     
          38         114  0.96680730198948261     
          45         115  0.98070572634348685     
          45         116  0.97414832749647262     
          45         117  0.97928620452318316     
          46         118  0.98100077319303780     
          46         119  0.97975476193020783     
          46         120  0.97523054877020288     
          47         121  0.98257308976537039     
          47         122  0.98379286501879737     
          47         123  0.98353360852093175     
          48         124  0.98256941096603834     
          48         125  0.98350309305816741     
          48         126  0.98400048477009516     
          50         127  0.96411333215003969     
          50         128  0.96445254433031702     
          51         129  0.97196088626781529     
          51         130  0.96784214801345436     
          53         131  0.97150206072707501     
          53         132  0.96618833913059465     
          53         133  0.97078489992686601     
          55         134  0.96663864443384051     
          55         135  0.97440907708117208     
          56         136  0.95693429133348740     
          57         137  0.96961329638683358     
          57         138  0.95693612197936262     
          59         139  0.97118753709216898     
          59         140  0.95288007653572915     
          60         141  0.96599225183023063     
          60         142  0.97001556625441965     
          63         143  0.96600745709623914     
          63         144  0.96956876351653953     
          64         145  0.97718886269794025     
          64         146  0.97426336293929872     
          65         147  0.97398785350749684     
          65         148  0.97356633803950177     
          69         149  0.96644307799973728     
          70         150  0.96805924882521732     
          72         151  0.95989301532777560     
