   -0.11216071
    0.11631804
   -0.31058896
    0.03848343
    0.07940764
   -0.21808250
    0.05629871
   -0.04411541
   -0.01665435
   -0.00495674
    0.02169481
   -0.02342665
    0.00261216
   -0.10908791
   -0.04898433
   -0.06703880
    0.02256094
   -0.10706017
   -0.11236083
    0.06504321
   -0.25934624
    0.35266112
    0.02655105
   -0.19284296
   -0.02301125
    0.24233037
    0.02634245
   -0.16437178
    0.27207163
    0.00919770
   -0.01483089
   -0.11100199
   -0.11321198
   -0.07132119
    0.24825521
    0.15275999
   -0.06811791
    0.00672225
   -0.09007109
    0.29064093
   -0.07747734
   -0.02615014
    0.10308548
   -0.17361866
   -0.03266032
   -0.03054616
   -0.10925129
   -0.10760465
   -0.46515982
   -0.00069356
   -0.06429719
   -0.46653086
   -0.05829786
   -0.46276652
   -0.07233177
    0.11066602
    0.00940027
   -0.16347256
   -0.00217978
    0.07845829
   -0.31944496
   -0.43695639
   -0.01043243
   -0.06295255
   -0.06656766
   -0.40194584
   -0.02749699
    0.03541748
   -0.04687233
   -0.05842034
    0.04874027
   -0.07397541
   -0.26935849
    0.03705549
    0.05399158
    0.07293148
    0.01521076
    0.05354498
    0.01417973
    0.05022715
    0.03839743
    0.03459694
    0.03263151
    0.04495728
    0.06700314
    0.03869074
    0.04221327
    0.04739292
    0.04540436
    0.03688561
    0.04912153
    0.04010340
    0.03701791
    0.04423989
    0.04159636
    0.03570741
    0.05924628
    0.06470865
    0.02740301
    0.18489545
    0.06286854
    0.20467316
    0.07889063
    0.04761332
    0.04372546
    0.04246631
    0.04365916
    0.04147334
    0.05017753
    0.04216502
    0.05779536
    0.05592873
    0.07719612
    0.05399860
    0.01531088
    0.04124029
    0.03908645
    0.01701578
    0.03728661
    0.04052084
    0.04196937
    0.05347382
    0.04223751
    0.04414105
    0.05422745
    0.04204378
    0.05679982
    0.05850501
    0.06124039
    0.06628507
    0.07974707
    0.06139493
    0.07684593
    0.08110651
    0.04542829
    0.02421960
    0.03526153
    0.02721168
    0.03629271
    0.05352315
    0.02401436
    0.05279067
    0.07938444
    0.06569288
    0.04284084
    0.05008593
    0.06338047
    0.05707469
    0.02490541
    0.02249683
    0.02731947
