           1           2  0.99406936955508673     
           2           3  0.96967085199018443     
           3           4  0.99424220530602658     
           2           5  0.97427152252390659     
           5           6   1.4229707912072498     
           6           7   1.4445277624671391     
           5           8  0.10917455910387561     
           7           8   1.4146290961115349     
           8           9   1.4509496984399344     
           5          10   1.3538192668546223     
           7          10  0.11008471395116234     
           9          10   1.3939212856405203     
          10          11   1.0286571288147692     
          11          12   1.1725438235076366     
          12          13  0.99342360914844696     
          13          14   1.0066777835357315     
          11          15   1.4976028665223244     
          15          16   1.0185249525530629     
          16          17  0.96694722365992702     
          17          18  0.99885022313019189     
          17          19  0.99737133001832301     
          17          20  0.97170415274017030     
          20          21  0.92736200395308133     
          21          22   1.1562160030221902     
          22          23  0.94142151844359079     
          23          24  0.98846795625692174     
          24          25   1.0051594348778587     
          25          26   1.2534751460923916     
          26          27  0.92113947182769895     
          27          28  0.97526250694624261     
          28          29   1.2945235246078937     
          29          30  0.93492005878328699     
          30          31  0.96635554874623486     
          31          32   1.0069656381429251     
          31          33   1.0069977085450115     
          30          34  0.96487076076965694     
          34          35   1.2963399250536354     
          35          36  0.92600264065387272     
          36          37  0.97335074846880765     
          37          38  0.99299972651315604     
          38          39  0.98999380891759226     
          39          40   1.2365351012621084     
          40          41   1.0295105250715451     
          41          42   2.7481256161615275     
          42          43   1.0145885440367242     
          43          44  0.96377293803440656     
          44          45   1.0141394086655153     
          44          46   1.0137529183644143     
          43          47  0.97656783153003945     
          43          48  0.97189986174970600     
          39          49  0.19063262758868882     
          40          49   1.6020336493284706     
          39          50  0.99519818923761649     
          36          51  0.98309442876136299     
          50          51  0.99565041790292952     
          34          52  0.20194684757284642     
          35          52   1.6224889749044218     
          34          53  0.99423091162461352     
          28          54  0.19859915156080554     
          29          54   1.6363065800769554     
          27          55  0.99171723958785030     
          55          56  0.98649782477846260     
          56          57  0.98273537100598052     
          57          58   1.0024121278608360     
          58          59  0.98374125564651138     
          59          60  0.99503445434027027     
          56          61  0.97539514551534912     
          60          61  0.98357567672938040     
          25          62  0.20301610505321946     
          26          62   1.6666238010934078     
          25          63  0.97326663137381786     
          63          64  0.99633886288220630     
          23          65  0.99052853176895161     
          64          65   1.0084480935173341     
          21          66  0.17914860010538830     
          22          66   1.7510750384719376     
          15          67   1.2158480544198724     
          12          68   1.1707093451406068     
          67          68   1.2429993651712170     
          68          69   1.3247448052457007     
          69          70   1.5110456791838005     
          58          71   1.0573858956828279     
          70          71   1.3064623801823290     
          67          72   1.3160957349172122     
          69          72  0.10350288118961309     
          71          72   1.4386003959284921     
          36          73  0.90284272046094283     
           1          74  0.98025794148339829     
           1          75  0.98377212589352081     
           1          76  0.98141073741886997     
           2          77  0.94746845916477784     
           4          78  0.96596978512149345     
           4          79  0.97699695516627383     
           4          80  0.98033147026441236     
           7          81  0.96336408315612054     
           8          82  0.96956123585716480     
           9          83  0.96565641711768413     
          13          84  0.96879260177517890     
          13          85  0.96119524412503532     
          14          86  0.98471670493100749     
          14          87  0.98546645277164369     
          14          88  0.98474120774512175     
          16          89  0.96861977427061663     
          16          90  0.96296022188225594     
          18          91  0.98298097872380064     
          18          92  0.98505049835294678     
          18          93  0.98520847822576485     
          19          94  0.98417405061449637     
          19          95  0.98389707820836070     
          19          96  0.98324564973809181     
          20          97  0.96546957829971058     
          20          98  0.96180083968420194     
          23          99  0.93424884899845406     
          24         100  0.91411802409790632     
          27         101  0.94349298795092551     
          28         102  0.92389064074481353     
          30         103  0.94809932339427905     
          31         104  0.96448476191164512     
          32         105  0.98558106758532027     
          32         106  0.98302516670370732     
          32         107  0.98514501966332690     
          33         108  0.98542872733360010     
          33         109  0.98421859685316204     
          33         110  0.98422077896817162     
          37         111  0.96590662303247277     
          37         112  0.96785302228110281     
          38         113  0.95639453398925744     
          38         114  0.96611333721707482     
          45         115  0.97489621253783387     
          45         116  0.97986475052255717     
          45         117  0.98101852293139846     
          46         118  0.97274236110538825     
          46         119  0.98120387022918487     
          46         120  0.97971509293978021     
          47         121  0.98416050317682124     
          47         122  0.98281930790909811     
          47         123  0.98386555136862797     
          48         124  0.98292003910027581     
          48         125  0.98211062498827273     
          48         126  0.98430452085065501     
          50         127  0.96401530413524827     
          50         128  0.96447481944095270     
          51         129  0.97196894047222893     
          51         130  0.96975863260593476     
          53         131  0.96605388988861152     
          53         132  0.97061038296609248     
          53         133  0.97154492427538441     
          55         134  0.96709759048728428     
          55         135  0.97445201261952497     
          56         136  0.95680489801117585     
          57         137  0.96950623677684167     
          57         138  0.95670205507356798     
          59         139  0.97087626529876037     
          59         140  0.95274086566023763     
          60         141  0.96610382848156495     
          60         142  0.97004628721356667     
          63         143  0.96603601626970748     
          63         144  0.96953107645769998     
          64         145  0.97717419913610137     
          64         146  0.97427495295288447     
          65         147  0.97418476573768531     
          65         148  0.97324314599097195     
          69         149  0.96504978241646477     
          70         150  0.96764537985704779     
          72         151  0.95964915460722555     
