   -0.11376739
    0.11084728
   -0.31602339
    0.04445247
    0.08562905
   -0.23682717
    0.05789549
   -0.04327007
   -0.01467177
    0.00658818
    0.02387859
   -0.03883254
   -0.00400817
   -0.10838564
   -0.03383991
   -0.06922626
    0.02318545
   -0.11434995
   -0.10030881
    0.06312099
   -0.24447972
    0.35234333
    0.02713696
   -0.19947517
   -0.02040887
    0.23987372
    0.02934681
   -0.16829567
    0.27081070
    0.00692607
   -0.01436908
   -0.10928255
   -0.11319030
   -0.07094421
    0.24801850
    0.15261907
   -0.06683580
    0.00669308
   -0.09149453
    0.29009954
   -0.07184359
   -0.01572613
    0.10141736
   -0.17606292
   -0.03026506
   -0.03132612
   -0.10780011
   -0.10586811
   -0.45656982
   -0.00283144
   -0.06580844
   -0.46547929
   -0.05505774
   -0.45743591
   -0.07470976
    0.11062312
    0.01069137
   -0.16805491
    0.00020079
    0.07858891
   -0.32364574
   -0.44151589
   -0.01081152
   -0.06243120
   -0.06452820
   -0.41326321
   -0.02626621
    0.02855432
   -0.04789047
   -0.05868422
    0.04763731
   -0.06923126
   -0.27080969
    0.04451060
    0.04183348
    0.05404048
    0.03813655
    0.02889728
    0.05441406
    0.02846868
    0.03959246
    0.03734022
    0.03639328
    0.03926064
    0.08193260
    0.04247707
    0.04886327
    0.03605242
    0.04818139
    0.04694630
    0.04782400
    0.04025163
    0.03159373
    0.04256720
    0.03587585
    0.03945846
    0.05452154
    0.06503730
    0.02901777
    0.19418383
    0.05553784
    0.20811856
    0.08221188
    0.04639748
    0.04016872
    0.04341947
    0.04439316
    0.04000141
    0.04253597
    0.04958971
    0.05783015
    0.06015558
    0.08060898
    0.05039389
    0.03646329
    0.03641209
    0.01503602
    0.01185330
    0.03836699
    0.04281404
    0.04719119
    0.04532125
    0.05089947
    0.03813939
    0.03771080
    0.04175335
    0.06132087
    0.05455362
    0.05953703
    0.07112220
    0.06794273
    0.08811679
    0.05659785
    0.08486230
    0.04767938
    0.02509086
    0.03370207
    0.02282405
    0.03917828
    0.04630706
    0.02477526
    0.05337114
    0.08074596
    0.06346552
    0.04348755
    0.04932038
    0.05591247
    0.06082187
    0.03858054
    0.02455344
    0.02416022
