           1           2  0.98036310880238886     
           2           3  0.96947444756678691     
           3           4  0.99876762854711520     
           2           5  0.98246277284767547     
           5           6   1.4133246128840924     
           6           7   1.4435956134503489     
           5           8  0.10801804841551528     
           7           8   1.4165970733568078     
           8           9   1.4487260734502425     
           5          10   1.3642875170391797     
           7          10  0.11128939155774560     
           9          10   1.3944488455175157     
          10          11   1.0170896309079125     
          11          12   1.1645456621761321     
          12          13  0.99192825694927289     
          13          14   1.0059011613579882     
          11          15   1.5176181025651032     
          15          16   1.0178182603154147     
          16          17  0.96734611252447134     
          17          18  0.99743714904992453     
          17          19   1.0012033440229795     
          17          20  0.96888909065112894     
          20          21  0.92905872321641159     
          21          22   1.1700053900064580     
          22          23  0.94260073488631391     
          23          24  0.99574093929185703     
          24          25   1.0050640633544305     
          25          26   1.2629817778089014     
          26          27  0.92085232699829422     
          27          28  0.97476182038199721     
          28          29   1.2957371001200719     
          29          30  0.93761004389407421     
          30          31  0.96046700875633961     
          31          32   1.0076797721878514     
          31          33   1.0077000714931095     
          30          34  0.96923469234119142     
          34          35   1.2955538556622224     
          35          36  0.92690088507347268     
          36          37  0.97180126495979646     
          37          38  0.99373022331445560     
          38          39  0.98997371925680910     
          39          40   1.2315330736458976     
          40          41   1.0270499806157580     
          41          42   2.7587434318291644     
          42          43   1.0187193410930677     
          43          44  0.96935140461800828     
          44          45   1.0160709952931470     
          44          46   1.0166442922173482     
          43          47  0.97122258334572675     
          43          48  0.96499861989844937     
          39          49  0.19535081319722808     
          40          49   1.6164525254382354     
          39          50  0.99475764167643499     
          36          51  0.98195275933641479     
          50          51  0.99624462857335716     
          34          52  0.20099317847843454     
          35          52   1.6213337250147835     
          34          53  0.99364009586234070     
          28          54  0.19832501499514632     
          29          54   1.6296535286065383     
          27          55  0.99109372996415723     
          55          56  0.98766492861900412     
          56          57  0.98389678780563006     
          57          58   1.0029440512226226     
          58          59  0.98371562847612759     
          59          60  0.99591489452918391     
          56          61  0.97299094577871481     
          60          61  0.98174251784961142     
          25          62  0.20574958667618651     
          26          62   1.6553958216718634     
          25          63  0.97335429347785862     
          63          64  0.99672658014823645     
          23          65  0.98168397474426738     
          64          65   1.0087599181364952     
          21          66  0.18097392232970277     
          22          66   1.7358567260368349     
          15          67   1.2104999478665648     
          12          68   1.1637243073267141     
          67          68   1.2459890937137434     
          68          69   1.3269463345589103     
          69          70   1.5083509662757981     
          58          71   1.0487597445897814     
          70          71   1.3093707368060539     
          67          72   1.3218094170396324     
          69          72  0.10508072182843645     
          71          72   1.4421647582680455     
          36          73  0.90410658733933369     
           1          74  0.98524500511952706     
           1          75  0.98246094063061928     
           1          76  0.98107039182248290     
           2          77  0.95521233716655041     
           4          78  0.97484664106977126     
           4          79  0.97528745889854629     
           4          80  0.97515458665026777     
           7          81  0.96333950627845000     
           8          82  0.96932209953632875     
           9          83  0.96531998535188035     
          13          84  0.96986900570499657     
          13          85  0.95866791605129587     
          14          86  0.98535387968655419     
          14          87  0.98532812210232590     
          14          88  0.98555281371065040     
          16          89  0.96737108987751097     
          16          90  0.96627685575956013     
          18          91  0.97701318589211572     
          18          92  0.98435925928239998     
          18          93  0.98594472615071060     
          19          94  0.98351933644654133     
          19          95  0.98226927823706867     
          19          96  0.98475187822513410     
          20          97  0.96783830144972360     
          20          98  0.96352968870003886     
          23          99  0.93426088586001621     
          24         100  0.90189491535507127     
          27         101  0.94877343916402423     
          28         102  0.92049269253405108     
          30         103  0.94630002923200918     
          31         104  0.96507005479740349     
          32         105  0.98425798760935090     
          32         106  0.98478181911104246     
          32         107  0.98568583558345557     
          33         108  0.98452691688622951     
          33         109  0.98555227130363032     
          33         110  0.98422763952154468     
          37         111  0.96735944715564515     
          37         112  0.96457898073349346     
          38         113  0.95920163426999316     
          38         114  0.96330819958965752     
          45         115  0.97800233690783511     
          45         116  0.98104787079260247     
          45         117  0.97328406387218225     
          46         118  0.97216189187803204     
          46         119  0.98062562013811361     
          46         120  0.97968208493635989     
          47         121  0.98389307076118881     
          47         122  0.98019783131733140     
          47         123  0.98506458657582996     
          48         124  0.98514502662589376     
          48         125  0.98189970895684653     
          48         126  0.98513762553305151     
          50         127  0.96246868587054790     
          50         128  0.96429540963789073     
          51         129  0.97218010094183338     
          51         130  0.96982487565444664     
          53         131  0.96843867279574569     
          53         132  0.96697076661369563     
          53         133  0.97122101566282848     
          55         134  0.96587685948764168     
          55         135  0.97450255869428126     
          56         136  0.95677900000803007     
          57         137  0.97029945604001910     
          57         138  0.95481880295858468     
          59         139  0.97005001665764379     
          59         140  0.95406013411117607     
          60         141  0.96622637007175427     
          60         142  0.96991915065328627     
          63         143  0.96520789604585522     
          63         144  0.96923559354936639     
          64         145  0.97702607423394372     
          64         146  0.97387770810098573     
          65         147  0.97555529139495478     
          65         148  0.97277338176775441     
          69         149  0.96543819261339714     
          70         150  0.96776337663937073     
          72         151  0.95738166892063625     
