   -0.11791295
    0.11641073
   -0.31589873
    0.04531525
    0.08754682
   -0.22040753
    0.05635619
   -0.04348488
   -0.01760757
    0.00159349
    0.02094908
   -0.04549636
    0.00771519
   -0.11050487
   -0.03423564
   -0.07405228
    0.02112514
   -0.10909962
   -0.11510879
    0.06830071
   -0.24802264
    0.35412051
    0.02053678
   -0.18389932
   -0.02172357
    0.24250841
    0.02151024
   -0.16377838
    0.27181653
    0.00763940
   -0.01446226
   -0.11001934
   -0.11205007
   -0.07925513
    0.24659771
    0.15183241
   -0.06020635
    0.00306526
   -0.09826888
    0.28911875
   -0.07588958
   -0.02429160
    0.10239385
   -0.17435584
   -0.03201324
   -0.03141124
   -0.10887410
   -0.10865589
   -0.44278740
    0.00358867
   -0.06920705
   -0.46406902
   -0.06154370
   -0.44986004
   -0.07393951
    0.10905328
    0.00936645
   -0.16725697
    0.00204159
    0.08230796
   -0.33036869
   -0.44433798
   -0.01084122
   -0.06229156
   -0.06389684
   -0.41145245
   -0.02149113
    0.03205752
   -0.05096667
   -0.05268376
    0.05309100
   -0.05673885
   -0.26490124
    0.03998150
    0.06590686
    0.04853028
    0.01730921
    0.02786358
    0.05654251
    0.02914765
    0.04217477
    0.03837038
    0.03746034
    0.04682269
    0.03797185
    0.04380625
    0.05696707
    0.04270272
    0.05963948
    0.04759866
    0.04023173
    0.04138296
    0.04590610
    0.03462943
    0.03674512
    0.04721244
    0.06574568
    0.04599659
    0.04659159
    0.16480566
    0.07179592
    0.20138659
    0.07212090
    0.05393337
    0.04254973
    0.03549654
    0.04432455
    0.04134304
    0.04783233
    0.04374241
    0.06356778
    0.05643975
    0.05213794
    0.05498093
    0.03828727
    0.04471986
    0.00885878
    0.03826726
    0.00724888
    0.04394308
    0.04355037
    0.05258510
    0.04740936
    0.05234835
    0.04288936
    0.04736286
    0.08066859
    0.05154404
    0.05444873
    0.05315106
    0.09099409
    0.05136207
    0.08110969
    0.05796229
    0.04828150
    0.03092132
    0.04911773
    0.03411368
    0.04234715
    0.02935684
    0.04301724
    0.01629726
    0.08316321
    0.06336163
    0.04452728
    0.05005932
    0.05444117
    0.05562969
    0.02552966
    0.03880360
    0.03428758
