           1           2   1.0005293065535545     
           2           3  0.96343326876099711     
           3           4  0.99725437890663149     
           2           5  0.97626103956228849     
           5           6   1.4310286627168196     
           6           7   1.4335067134459272     
           5           8  0.11059859726536357     
           7           8   1.4271005227324434     
           8           9   1.4360603233999440     
           5          10   1.3520400413990712     
           7          10  0.11368627674388312     
           9          10   1.4103454315896142     
          10          11   1.0130164286571921     
          11          12   1.1537514021991584     
          12          13  0.99549024503246275     
          13          14   1.0049037528647538     
          11          15   1.5263340182993375     
          15          16   1.0194267939842017     
          16          17  0.96586618223649545     
          17          18  0.99940879457918075     
          17          19  0.99845684670723456     
          17          20  0.97570299265790905     
          20          21  0.92664137605893349     
          21          22   1.1698377759596967     
          22          23  0.94046057991664966     
          23          24  0.99286173959064417     
          24          25   1.0052085798494217     
          25          26   1.2554559913627543     
          26          27  0.93443151526098167     
          27          28  0.99301538062916417     
          28          29   1.2837867133344085     
          29          30  0.92888737879254757     
          30          31  0.97598492984961904     
          31          32   1.0082547908389912     
          31          33   1.0057966686416822     
          30          34  0.95415083060711714     
          34          35   1.2916398764625772     
          35          36  0.92043498454354034     
          36          37  0.98535438111666662     
          37          38  0.99437636119171802     
          38          39  0.99717200493343694     
          39          40   1.2113604677922405     
          40          41   1.0254245726430085     
          41          42   2.7523879624138687     
          42          43   1.0144796616888916     
          43          44  0.96349534725790065     
          44          45   1.0156214376932997     
          44          46   1.0161822704822818     
          43          47  0.97383489637705645     
          43          48  0.97385196835968091     
          39          49  0.19391495911984216     
          40          49   1.6397777006874008     
          39          50  0.99318143567768757     
          36          51  0.97505141048196664     
          50          51  0.99328670408965336     
          34          52  0.20309967685662328     
          35          52   1.6346645641821234     
          34          53  0.99266837400706975     
          28          54  0.20009762250392896     
          29          54   1.6547143479894086     
          27          55  0.96484614344769737     
          55          56  0.98407740991113490     
          56          57  0.97498149812082380     
          57          58  0.99520246294685888     
          58          59   1.0045999395721381     
          59          60  0.98087856803416529     
          56          61  0.96687781331603173     
          60          61  0.98611730909120698     
          25          62  0.20199543705852710     
          26          62   1.6509732345866448     
          25          63  0.97470568357645759     
          63          64  0.99768543770366169     
          23          65  0.98159164438573354     
          64          65   1.0069404431241584     
          21          66  0.18165999885264331     
          22          66   1.7387728550768196     
          15          67   1.2030395484730638     
          12          68   1.1610939414448216     
          67          68   1.2464633164864920     
          68          69   1.3315922093388977     
          69          70   1.5024085246865120     
          58          71   1.0191458939524098     
          70          71   1.3245361787701710     
          67          72   1.3272054306394250     
          69          72  0.10711968652921419     
          71          72   1.4590744804092117     
          36          73  0.90380371365423151     
           1          74  0.98373930509131524     
           1          75  0.98376494161150430     
           1          76  0.98420916494426058     
           2          77  0.94910590484164681     
           4          78  0.97545893212003509     
           4          79  0.97853499112147935     
           4          80  0.97677506836658612     
           7          81  0.96324237968038673     
           8          82  0.96947924381222716     
           9          83  0.96650255023195719     
          13          84  0.96893206863354708     
          13          85  0.96961684022566486     
          14          86  0.98594857930849944     
          14          87  0.98514001878507540     
          14          88  0.98521146655158898     
          16          89  0.95952067273850972     
          16          90  0.97015127150841407     
          18          91  0.98487386686214173     
          18          92  0.98551224451497244     
          18          93  0.98367791351621126     
          19          94  0.98449957195244742     
          19          95  0.97758012238106873     
          19          96  0.98358752071938138     
          20          97  0.95710399041007410     
          20          98  0.96538809822986493     
          23          99  0.93215511253387762     
          24         100  0.92981008252667263     
          27         101  0.94084270342503518     
          28         102  0.92552536967332599     
          30         103  0.95293787267961094     
          31         104  0.96359517809548989     
          32         105  0.98569117538720519     
          32         106  0.98410381762816179     
          32         107  0.98531086351685304     
          33         108  0.98615246635553955     
          33         109  0.98502294528267631     
          33         110  0.98387892240022079     
          37         111  0.97210097264682127     
          37         112  0.97057871238175186     
          38         113  0.96028521141585887     
          38         114  0.96529103526843429     
          45         115  0.98099989565295020     
          45         116  0.97926387977563145     
          45         117  0.97288311544088768     
          46         118  0.98100152600418278     
          46         119  0.97237853828063792     
          46         120  0.97949585670091410     
          47         121  0.98350904839238562     
          47         122  0.98242975307620850     
          47         123  0.98372505298507917     
          48         124  0.98232213643736288     
          48         125  0.98379446689935224     
          48         126  0.98371974684315355     
          50         127  0.96331787150084280     
          50         128  0.96629452672394334     
          51         129  0.97002177931656386     
          51         130  0.97355944749713896     
          53         131  0.96094366627853556     
          53         132  0.97187414036177411     
          53         133  0.97159406113833757     
          55         134  0.96961871420073542     
          55         135  0.96815910095533275     
          56         136  0.95740713457813842     
          57         137  0.96981354774726258     
          57         138  0.96747202352983552     
          59         139  0.97488902296975843     
          59         140  0.96992638142429188     
          60         141  0.97194183162376102     
          60         142  0.97088911831763147     
          63         143  0.96485430569617625     
          63         144  0.96772695314135093     
          64         145  0.97703223311820120     
          64         146  0.97397472031410315     
          65         147  0.97602839693661725     
          65         148  0.97370103838031163     
          69         149  0.96633423534154683     
          70         150  0.96884569470158466     
          72         151  0.96017035796084804     
