   -0.11788806
    0.11591350
   -0.31463973
    0.04455964
    0.08728092
   -0.21609857
    0.05682168
   -0.04319456
   -0.01688978
   -0.00122856
    0.01972910
   -0.04602647
    0.00627324
   -0.11030193
   -0.03738339
   -0.06859699
    0.02281090
   -0.11300612
   -0.11294581
    0.07595641
   -0.25126890
    0.35087202
    0.02847910
   -0.19638947
   -0.02187142
    0.24207592
    0.02824107
   -0.16748330
    0.27091468
    0.00346289
   -0.01187778
   -0.11029326
   -0.11128577
   -0.07980594
    0.25110384
    0.15562211
   -0.06405023
    0.00244714
   -0.09388934
    0.29033705
   -0.07337973
   -0.01465041
    0.10103114
   -0.17124433
   -0.02887133
   -0.03141030
   -0.10940323
   -0.10506657
   -0.43951998
    0.00036172
   -0.06838901
   -0.46592582
   -0.04823949
   -0.44423942
   -0.06859215
    0.11271191
    0.00877088
   -0.15720641
    0.00570763
    0.07775270
   -0.32350601
   -0.43642946
   -0.01067326
   -0.06180597
   -0.06453627
   -0.41056746
   -0.02497032
    0.02507208
   -0.05260552
   -0.05681854
    0.05266992
   -0.06281305
   -0.27066682
    0.04065069
    0.07042625
    0.04152839
    0.01424271
    0.02683793
    0.05709608
    0.03037866
    0.04288570
    0.03878880
    0.03948579
    0.04745110
    0.04181127
    0.05057265
    0.04491059
    0.04394913
    0.05754111
    0.04462935
    0.04706869
    0.03948675
    0.04329871
    0.03780896
    0.04693627
    0.03785763
    0.06010447
    0.04815148
    0.02788457
    0.19473043
    0.07071826
    0.20236268
    0.08045426
    0.05181144
    0.03585263
    0.04399352
    0.04157425
    0.04567972
    0.04726096
    0.03891567
    0.04897040
    0.06188093
    0.05061111
    0.08201580
    0.04001291
    0.03610914
    0.00807790
    0.04259800
    0.03795341
    0.01150309
    0.05503525
    0.04141921
    0.04880865
    0.03999321
    0.04038880
    0.03346112
    0.05342293
    0.05456857
    0.07321480
    0.06092653
    0.05959857
    0.06784752
    0.07712299
    0.07001483
    0.05127505
    0.02334489
    0.03176250
    0.02433659
    0.04338313
    0.03067850
    0.02293493
    0.05933262
    0.07970324
    0.06519001
    0.04138023
    0.04828500
    0.05787411
    0.04912367
    0.02416989
    0.02864349
    0.01885600
