           1           2  0.99893168311219582     
           2           3  0.96233607173180280     
           3           4  0.99728823995888538     
           2           5  0.97505656429553300     
           5           6   1.4302149158014914     
           6           7   1.4372814165004755     
           5           8  0.11109265337072459     
           7           8   1.4236296282205638     
           8           9   1.4415879004010648     
           5          10   1.3554016841845895     
           7          10  0.11276642780215816     
           9          10   1.4092049229712753     
          10          11   1.0150574510327759     
          11          12   1.1587947000501118     
          12          13  0.99571787500035425     
          13          14   1.0054736451600690     
          11          15   1.5216965950907237     
          15          16   1.0189056978833151     
          16          17  0.96556985880287793     
          17          18  0.99763436070987044     
          17          19  0.99812992958822877     
          17          20  0.98177446673442603     
          20          21  0.92610710636052307     
          21          22   1.1636342571784262     
          22          23  0.94305627936339942     
          23          24  0.99589717543301093     
          24          25   1.0069234169724743     
          25          26   1.2499531470188971     
          26          27  0.92134711751225229     
          27          28  0.98061544871744910     
          28          29   1.2884357548478913     
          29          30  0.92791108452769167     
          30          31  0.97894888404173674     
          31          32   1.0085772362558658     
          31          33   1.0055934592775582     
          30          34  0.95430049075239332     
          34          35   1.2924746873838107     
          35          36  0.92969939469426444     
          36          37  0.96819245027683409     
          37          38  0.99380422168324356     
          38          39  0.99259130905324466     
          39          40   1.2160294969730079     
          40          41   1.0226139762031090     
          41          42   2.7595250858641878     
          42          43   1.0198462690895502     
          43          44  0.97116318293100612     
          44          45   1.0182756126669521     
          44          46   1.0167431950869870     
          43          47  0.97285865778228708     
          43          48  0.96036043551756411     
          39          49  0.19615395962185386     
          40          49   1.6403189114917922     
          39          50  0.99686655948750325     
          36          51  0.98049181668670982     
          50          51  0.99555306200951432     
          34          52  0.19730765375372838     
          35          52   1.6256284899070088     
          34          53  0.99103236549987683     
          28          54  0.20176659927416396     
          29          54   1.6546764761043649     
          27          55  0.98922796744017871     
          55          56  0.99054379926021074     
          56          57  0.97905475278668153     
          57          58   1.0042148021685589     
          58          59  0.98838604567122346     
          59          60  0.99493914994750909     
          56          61  0.97539395777488425     
          60          61  0.98340119979978569     
          25          62  0.20178782213356772     
          26          62   1.6701674106383382     
          25          63  0.97474244634774165     
          63          64  0.99632110295946319     
          23          65  0.98577405882267533     
          64          65   1.0066957660703595     
          21          66  0.18023773268929208     
          22          66   1.7404478486780224     
          15          67   1.2090631436399808     
          12          68   1.1578144234693410     
          67          68   1.2462182429866606     
          68          69   1.3286196723556014     
          69          70   1.5093752994982867     
          58          71   1.0602014991163593     
          70          71   1.3058721904077406     
          67          72   1.3217170691813220     
          69          72  0.10352840760924659     
          71          72   1.4413609845961644     
          36          73  0.90489521500374392     
           1          74  0.98338620230875251     
           1          75  0.98267952753606957     
           1          76  0.98514576506091966     
           2          77  0.95327332110754415     
           4          78  0.97565183873045069     
           4          79  0.97852396122114893     
           4          80  0.97643593097551762     
           7          81  0.96316621273154701     
           8          82  0.96941977741890129     
           9          83  0.96626935150351889     
          13          84  0.96850113763882628     
          13          85  0.96973290869219331     
          14          86  0.98580054030964182     
          14          87  0.98507000372170361     
          14          88  0.98568803164506202     
          16          89  0.96560178990170076     
          16          90  0.96753977511260802     
          18          91  0.98426351680776714     
          18          92  0.98491199734244206     
          18          93  0.98507926443167215     
          19          94  0.98361637406342128     
          19          95  0.98177013240889832     
          19          96  0.98495473914267540     
          20          97  0.96259438662095820     
          20          98  0.96611304863776448     
          23          99  0.92829461260602031     
          24         100  0.90813341974890682     
          27         101  0.93959786174324278     
          28         102  0.92028636752019155     
          30         103  0.94591905651793240     
          31         104  0.96015993904249308     
          32         105  0.98552322553249438     
          32         106  0.98533678376991818     
          32         107  0.98610864789764552     
          33         108  0.98529531941252524     
          33         109  0.98470186103073032     
          33         110  0.98622078821219883     
          37         111  0.97291966979784494     
          37         112  0.97309175135055137     
          38         113  0.96598052134828638     
          38         114  0.96283819166788887     
          45         115  0.98079316493510282     
          45         116  0.97623653734588900     
          45         117  0.97190284087634848     
          46         118  0.97939831026182400     
          46         119  0.98026547686900323     
          46         120  0.97278952025823540     
          47         121  0.98493170130486396     
          47         122  0.98012802174084102     
          47         123  0.98388974208524416     
          48         124  0.98547156900190247     
          48         125  0.98135224966657431     
          48         126  0.98515317271405256     
          50         127  0.96489111926319737     
          50         128  0.96133446181856119     
          51         129  0.96948363685852001     
          51         130  0.97009798691068894     
          53         131  0.97611153306845511     
          53         132  0.97285629688773412     
          53         133  0.97349725547492583     
          55         134  0.96805626468288808     
          55         135  0.97142887036521408     
          56         136  0.95602477720348200     
          57         137  0.97157390927980436     
          57         138  0.95369796054492584     
          59         139  0.96956017577365494     
          59         140  0.96393035721385145     
          60         141  0.96571949531443357     
          60         142  0.96530839358228038     
          63         143  0.96622262782784019     
          63         144  0.96967794010141473     
          64         145  0.97758478562162121     
          64         146  0.97473047362481957     
          65         147  0.97565330351473811     
          65         148  0.97374371984656305     
          69         149  0.96642132959076987     
          70         150  0.96722915911586349     
          72         151  0.96244224480824836     
