   -0.11653697
    0.10704044
   -0.31821858
    0.03567267
    0.07895237
   -0.22949717
    0.05597997
   -0.04341456
   -0.01604437
   -0.00374318
    0.01576191
   -0.04475520
    0.00596185
   -0.10996211
   -0.03769349
   -0.07182151
    0.02338486
   -0.11236426
   -0.11179816
    0.07596813
   -0.25152056
    0.35066010
    0.02843045
   -0.19618299
   -0.02218091
    0.24239211
    0.02876113
   -0.16373833
    0.27138980
    0.00547472
   -0.01366068
   -0.10943699
   -0.11173113
   -0.07953758
    0.25034511
    0.15386921
   -0.06747926
    0.00272882
   -0.09543083
    0.29037834
   -0.07282809
   -0.01399615
    0.10099275
   -0.17081212
   -0.03016205
   -0.03152935
   -0.10893489
   -0.10554083
   -0.43881940
   -0.00109214
   -0.06627362
   -0.45942370
   -0.05676128
   -0.45046253
   -0.06815168
    0.11253654
    0.00864152
   -0.15539516
    0.00503041
    0.07655358
   -0.31881179
   -0.43698053
   -0.01055405
   -0.06182681
   -0.06440565
   -0.40918224
   -0.02377621
    0.02543410
   -0.05234297
   -0.05609612
    0.05373720
   -0.06214792
   -0.27145792
    0.05018074
    0.06149789
    0.03599332
    0.04748488
    0.03330360
    0.05058807
    0.04656653
    0.03768085
    0.03674189
    0.03725252
    0.04676426
    0.04254971
    0.05105151
    0.04441461
    0.04311357
    0.05912477
    0.04828727
    0.04808091
    0.03890247
    0.04244248
    0.03777529
    0.04381338
    0.03769765
    0.05971749
    0.04762926
    0.02867795
    0.19419336
    0.07038727
    0.20679454
    0.07539324
    0.05484469
    0.03268913
    0.04337707
    0.04173551
    0.04560013
    0.04902131
    0.03778702
    0.05317721
    0.05561470
    0.05091391
    0.08144204
    0.00956631
    0.04059214
    0.03757201
    0.04251694
    0.03864131
    0.01114492
    0.04717573
    0.05527989
    0.04176547
    0.03842042
    0.04010366
    0.03345292
    0.05469271
    0.05569455
    0.06941345
    0.06463142
    0.07967007
    0.08161617
    0.05187066
    0.07083951
    0.05050063
    0.02387122
    0.03306142
    0.02187265
    0.04276681
    0.03148305
    0.02273115
    0.06167808
    0.07950369
    0.06450586
    0.04231787
    0.04805459
    0.05687178
    0.05053051
    0.02430537
    0.02918830
    0.02022871
