           1           2  0.99324970995934547     
           2           3  0.96515703546317244     
           3           4  0.99102724227865235     
           2           5  0.97531824176011328     
           5           6   1.4206790209561695     
           6           7   1.4337433230299026     
           5           8  0.10867269023270694     
           7           8   1.4227537297812025     
           8           9   1.4438648820596196     
           5          10   1.3516050781235631     
           7          10  0.11058603224645688     
           9          10   1.4018156825719252     
          10          11   1.0256324621075312     
          11          12   1.1581019614255765     
          12          13  0.99580795750699858     
          13          14   1.0059149383429045     
          11          15   1.5102044580596004     
          15          16   1.0196910886591046     
          16          17  0.96520622350187413     
          17          18  0.99779461831671745     
          17          19  0.99807871831634143     
          17          20  0.98163399235726245     
          20          21  0.92704923611048673     
          21          22   1.1618647800049755     
          22          23  0.94320838719374900     
          23          24  0.99646544041635832     
          24          25   1.0069268617625555     
          25          26   1.2501018527226104     
          26          27  0.92163443167527592     
          27          28  0.97965823722450807     
          28          29   1.2978228137804171     
          29          30  0.92818651955914178     
          30          31  0.97845311283971292     
          31          32   1.0083340668281251     
          31          33   1.0060269048780028     
          30          34  0.95332016541892584     
          34          35   1.2930457739256964     
          35          36  0.92282911910700260     
          36          37  0.97393763055954607     
          37          38  0.99296576626063082     
          38          39  0.99329376537013669     
          39          40   1.2135167919104173     
          40          41   1.0228004789921963     
          41          42   2.7616116446121142     
          42          43   1.0185028466148616     
          43          44  0.97112363522374645     
          44          45   1.0172907015250117     
          44          46   1.0169057144797038     
          43          47  0.97391944330396041     
          43          48  0.96127457135635952     
          39          49  0.19614310309244001     
          40          49   1.6429980006146183     
          39          50  0.99632038083280039     
          36          51  0.98562742967725958     
          50          51  0.99501914043979922     
          34          52  0.20170333892806544     
          35          52   1.6321580737191954     
          34          53  0.99368400065225027     
          28          54  0.20211117861238062     
          29          54   1.6431559959853750     
          27          55  0.98985137124888212     
          55          56  0.99007794821271999     
          56          57  0.97879534695292925     
          57          58   1.0042048035876650     
          58          59  0.98734999487324826     
          59          60  0.99498540331293528     
          56          61  0.97779027912069327     
          60          61  0.98463826693943479     
          25          62  0.20169791012805574     
          26          62   1.6693999326159374     
          25          63  0.97471113023779121     
          63          64  0.99631964958712804     
          23          65  0.98457021829571145     
          64          65   1.0067995704455139     
          21          66  0.18007642419757716     
          22          66   1.7427676713385749     
          15          67   1.2116854969494724     
          12          68   1.1581782211219693     
          67          68   1.2470255323017052     
          68          69   1.3270360901024856     
          69          70   1.5112179112136828     
          58          71   1.0640398408013294     
          70          71   1.3035194316499163     
          67          72   1.3202445279769719     
          69          72  0.10373156626363986     
          71          72   1.4412247946929657     
          36          73  0.89796807282736923     
           1          74  0.98397751513302267     
           1          75  0.98212575781575151     
           1          76  0.98602182583511555     
           2          77  0.95628935165731876     
           4          78  0.97817385424485481     
           4          79  0.97955668342347380     
           4          80  0.97070384234923046     
           7          81  0.96364502838011168     
           8          82  0.96947327579821407     
           9          83  0.96586429866121726     
          13          84  0.96799459348900641     
          13          85  0.97009218858904944     
          14          86  0.98514499040648851     
          14          87  0.98513499358071699     
          14          88  0.98454806967017383     
          16          89  0.96310136618976039     
          16          90  0.96758896175119702     
          18          91  0.98409311336307448     
          18          92  0.98497158307469168     
          18          93  0.98513961492374635     
          19          94  0.98372738274723193     
          19          95  0.98280767663697777     
          19          96  0.98498005566163183     
          20          97  0.96288059996528896     
          20          98  0.96625456600425941     
          23          99  0.92883068095270360     
          24         100  0.90840612801703524     
          27         101  0.93914932479277713     
          28         102  0.91725996911575391     
          30         103  0.94986972375039158     
          31         104  0.96378657971727322     
          32         105  0.98415054982114802     
          32         106  0.98550080322713407     
          32         107  0.98576183850667742     
          33         108  0.98520171658187394     
          33         109  0.98408431226879967     
          33         110  0.98651116579207287     
          37         111  0.97120814112066611     
          37         112  0.97341893080751829     
          38         113  0.96632778018360121     
          38         114  0.96324303179674109     
          45         115  0.97221928592785112     
          45         116  0.98071573080471741     
          45         117  0.97717442815276967     
          46         118  0.97946823680190209     
          46         119  0.98020530892374669     
          46         120  0.97244668259496680     
          47         121  0.98400880772298671     
          47         122  0.98476731841467313     
          47         123  0.98045923462295193     
          48         124  0.98568711736978332     
          48         125  0.98154257735129935     
          48         126  0.98522642919456049     
          50         127  0.96520276498224222     
          50         128  0.96271334304423006     
          51         129  0.97054807623440276     
          51         130  0.97051602905968548     
          53         131  0.97246547839584030     
          53         132  0.96874686448309022     
          53         133  0.97162893848958520     
          55         134  0.96811273799966302     
          55         135  0.97165716814979342     
          56         136  0.95587418099978305     
          57         137  0.97154508299110720     
          57         138  0.95394016091635025     
          59         139  0.96955747810686022     
          59         140  0.96433276655072941     
          60         141  0.96601203329337748     
          60         142  0.96591122260858975     
          63         143  0.96620808250395784     
          63         144  0.96972143853798021     
          64         145  0.97752889464245707     
          64         146  0.97468087104940793     
          65         147  0.97582851050812980     
          65         148  0.97352935856212552     
          69         149  0.96631191325555477     
          70         150  0.96705136287106164     
          72         151  0.96245517774065825     
