   -0.11776825
    0.11578463
   -0.31459901
    0.04467461
    0.08727235
   -0.21646483
    0.05670226
   -0.04328846
   -0.01694973
   -0.00107476
    0.01955275
   -0.04663787
    0.00647535
   -0.11016367
   -0.03718955
   -0.06861920
    0.02282362
   -0.11221344
   -0.11290191
    0.07645690
   -0.25473487
    0.34968570
    0.02843977
   -0.19707886
   -0.02192854
    0.24140576
    0.02729093
   -0.15867876
    0.27179602
    0.00548203
   -0.01416560
   -0.10774675
   -0.11117957
   -0.07688428
    0.25346471
    0.15225946
   -0.06277252
   -0.00712556
   -0.09489203
    0.29086498
   -0.07319242
   -0.01391077
    0.10104933
   -0.17163154
   -0.02971342
   -0.03135532
   -0.10910442
   -0.10515177
   -0.44055354
    0.00015689
   -0.07125370
   -0.45818087
   -0.05756543
   -0.44847807
   -0.06751865
    0.11204563
    0.01001778
   -0.15546120
    0.00518068
    0.07491401
   -0.31828375
   -0.43774585
   -0.01063610
   -0.06173406
   -0.06343892
   -0.40376102
   -0.02516152
    0.02472531
   -0.05256596
   -0.05677780
    0.05237135
   -0.06478074
   -0.27381604
    0.07009160
    0.04178200
    0.04050582
    0.01468144
    0.05686472
    0.02991320
    0.02725947
    0.04255173
    0.03851084
    0.03933406
    0.04749158
    0.04147091
    0.04376057
    0.05049627
    0.04468017
    0.05645473
    0.04633478
    0.04585635
    0.03888583
    0.04300900
    0.04667469
    0.03776971
    0.03801113
    0.05843246
    0.04909045
    0.02706795
    0.19608470
    0.07228177
    0.19791311
    0.07595650
    0.05611624
    0.04433266
    0.04013599
    0.03144976
    0.04528756
    0.03840034
    0.04661082
    0.06659087
    0.05318074
    0.07372090
    0.05660357
    0.03945413
    0.03675241
    0.01013472
    0.03787448
    0.01151646
    0.04252019
    0.05458104
    0.04166943
    0.04830819
    0.03443373
    0.03912909
    0.03989137
    0.04347928
    0.08322535
    0.06366105
    0.05130210
    0.07736693
    0.08698487
    0.04984727
    0.06898070
    0.04965206
    0.02459258
    0.03230078
    0.01862366
    0.04418615
    0.02976954
    0.02579336
    0.06371783
    0.07970346
    0.06504727
    0.04158094
    0.04864267
    0.05702033
    0.04957826
    0.02377928
    0.02920826
    0.01998190
