           1           2  0.99904292932758365     
           2           3  0.96233504476556408     
           3           4  0.99743429807603656     
           2           5  0.97506137404287141     
           5           6   1.4309067319319912     
           6           7   1.4364615147145010     
           5           8  0.11114738973546330     
           7           8   1.4245020868049580     
           8           9   1.4406501377411272     
           5          10   1.3543079394865007     
           7          10  0.11284553597913320     
           9          10   1.4106447952505252     
          10          11   1.0148188608996938     
          11          12   1.1583377185039436     
          12          13  0.99598129319315243     
          13          14   1.0053233355746130     
          11          15   1.5221334343169906     
          15          16   1.0189826158336364     
          16          17  0.96555460496317025     
          17          18  0.99766549300514007     
          17          19  0.99804100604424351     
          17          20  0.98210204850899774     
          20          21  0.92645288007194260     
          21          22   1.1576239638055192     
          22          23  0.94334332862010750     
          23          24  0.99778962902172619     
          24          25   1.0072694047095527     
          25          26   1.2519512703854649     
          26          27  0.92170701579861536     
          27          28  0.97961789997119375     
          28          29   1.2954296034753758     
          29          30  0.93190214087809087     
          30          31  0.97312480416674507     
          31          32   1.0088734728366771     
          31          33   1.0065761217908440     
          30          34  0.95788447786632780     
          34          35   1.2926868218273508     
          35          36  0.92298785871544342     
          36          37  0.98565166586661102     
          37          38  0.99400080191751983     
          38          39  0.99578935395562773     
          39          40   1.2158851758350266     
          40          41   1.0231337036268378     
          41          42   2.7597371217896258     
          42          43   1.0192661895631472     
          43          44  0.97107480621021580     
          44          45   1.0176007387182806     
          44          46   1.0168151113236541     
          43          47  0.97309379007272701     
          43          48  0.96106451400472559     
          39          49  0.19527960937632521     
          40          49   1.6392416026205550     
          39          50  0.99410994916088968     
          36          51  0.97654266952853386     
          50          51  0.99472060618253733     
          34          52  0.20417494598884425     
          35          52   1.6355773680433279     
          34          53  0.99444261335297102     
          28          54  0.20096827654709296     
          29          54   1.6410613630818951     
          27          55  0.98896586994661906     
          55          56  0.98969266932299005     
          56          57  0.97832713257522097     
          57          58   1.0053171508670522     
          58          59  0.98740720313526009     
          59          60  0.99520139249630013     
          56          61  0.97929367976851889     
          60          61  0.98337977179410063     
          25          62  0.20266654836797485     
          26          62   1.6673266539734515     
          25          63  0.97451954068532010     
          63          64  0.99622242787745963     
          23          65  0.98156790528557025     
          64          65   1.0068373783536546     
          21          66  0.17990785330442186     
          22          66   1.7492785663152888     
          15          67   1.2085431625009160     
          12          68   1.1567827603574290     
          67          68   1.2468212516799766     
          68          69   1.3284765031683541     
          69          70   1.5097154002919608     
          58          71   1.0633290728850515     
          70          71   1.3050376167303259     
          67          72   1.3217235339199547     
          69          72  0.10343646515389188     
          71          72   1.4394333386668019     
          36          73  0.89464958083752344     
           1          74  0.98278401185233466     
           1          75  0.98512767498470433     
           1          76  0.98354092853679709     
           2          77  0.95320540440604185     
           4          78  0.97850373411561142     
           4          79  0.97654122729671267     
           4          80  0.97551798584557659     
           7          81  0.96319772225858380     
           8          82  0.96945997997074929     
           9          83  0.96624044723790359     
          13          84  0.96862334690021301     
          13          85  0.96976736583658329     
          14          86  0.98571236955611718     
          14          87  0.98592242150674658     
          14          88  0.98509362477314488     
          16          89  0.96607118422707616     
          16          90  0.96725838870322467     
          18          91  0.98428936623416441     
          18          92  0.98496779405532009     
          18          93  0.98515377054648845     
          19          94  0.98196315897638820     
          19          95  0.98499587952633461     
          19          96  0.98348573568143316     
          20          97  0.96236510139549980     
          20          98  0.96657884480687539     
          23          99  0.93074100016966010     
          24         100  0.90594849156477719     
          27         101  0.93811670223101662     
          28         102  0.92653179021999854     
          30         103  0.94899495372830756     
          31         104  0.96390040725715431     
          32         105  0.98505859864287526     
          32         106  0.98584952497045153     
          32         107  0.98408429164266986     
          33         108  0.98421637061632705     
          33         109  0.98637351143767305     
          33         110  0.98503191591096906     
          37         111  0.97095209841317964     
          37         112  0.97413634730549470     
          38         113  0.95971726281967540     
          38         114  0.96234172027164910     
          45         115  0.98081580537085478     
          45         116  0.97680584574902229     
          45         117  0.97209551322624377     
          46         118  0.98028121435795723     
          46         119  0.97258026733798320     
          46         120  0.97942807239860752     
          47         121  0.98491155648920103     
          47         122  0.98028178089635298     
          47         123  0.98389524683469309     
          48         124  0.98512458521646207     
          48         125  0.98558041839683153     
          48         126  0.98149563476349500     
          50         127  0.96652156320238625     
          50         128  0.96360078314594144     
          51         129  0.97071318447118293     
          51         130  0.96923453258514158     
          53         131  0.97350085813260112     
          53         132  0.96611768683639254     
          53         133  0.96980079839191424     
          55         134  0.96876678446185693     
          55         135  0.97173357021713158     
          56         136  0.95567663072291364     
          57         137  0.97149027134020072     
          57         138  0.95359320466201802     
          59         139  0.96952447790402929     
          59         140  0.96439203193566359     
          60         141  0.96620019773517163     
          60         142  0.96621298500222985     
          63         143  0.96618781192299752     
          63         144  0.96958957628393283     
          64         145  0.97756912998385992     
          64         146  0.97446587287377895     
          65         147  0.97590647226143556     
          65         148  0.97375232635430509     
          69         149  0.96651082918687414     
          70         150  0.96703151733259474     
          72         151  0.96245198723508341     
