   -0.11662081
    0.10975514
   -0.31685038
    0.04461786
    0.08564732
   -0.23774595
    0.05734739
   -0.04380113
   -0.01466705
    0.00690253
    0.02553686
   -0.02828488
   -0.00396719
   -0.10904714
   -0.03948770
   -0.07053572
    0.02264407
   -0.11214420
   -0.10680910
    0.06489524
   -0.25796149
    0.35271997
    0.02678959
   -0.19526441
   -0.02318183
    0.24211716
    0.02613094
   -0.16509410
    0.27143738
    0.00824421
   -0.01459066
   -0.11034592
   -0.11288097
   -0.07176792
    0.24791174
    0.15250503
   -0.06915173
    0.00290122
   -0.08986397
    0.29041172
   -0.07438649
   -0.01432100
    0.10100039
   -0.17042868
   -0.03127260
   -0.03123793
   -0.10600519
   -0.10789241
   -0.45630593
   -0.00037649
   -0.06432352
   -0.46546064
   -0.05804554
   -0.46105576
   -0.07254443
    0.11062662
    0.01010355
   -0.16763480
    0.00054041
    0.07869924
   -0.32061271
   -0.43728716
   -0.01017877
   -0.06275229
   -0.06634125
   -0.40368468
   -0.02906814
    0.03164345
   -0.04721711
   -0.05981041
    0.04666799
   -0.07362882
   -0.27123395
    0.04055225
    0.06931168
    0.04149497
    0.03863055
    0.05341523
    0.02657122
    0.02962795
    0.03868083
    0.03659946
    0.03650792
    0.04302976
    0.08110273
    0.03631746
    0.04204110
    0.04744381
    0.04464219
    0.05422133
    0.04197020
    0.04202494
    0.03505485
    0.04660475
    0.03940462
    0.03762120
    0.05791937
    0.06513738
    0.02681444
    0.18762329
    0.06344374
    0.20501813
    0.08001924
    0.04751243
    0.04323372
    0.04387887
    0.04158821
    0.04966471
    0.04114354
    0.04186711
    0.05909506
    0.05834507
    0.09186959
    0.04878226
    0.04071221
    0.03837652
    0.01139423
    0.04499543
    0.00961429
    0.03880430
    0.03455316
    0.04073305
    0.03657090
    0.05509304
    0.04388202
    0.04215224
    0.05509061
    0.05498956
    0.06034851
    0.06674403
    0.08300857
    0.05909654
    0.07365462
    0.08128026
    0.04584812
    0.02411491
    0.03528969
    0.02489175
    0.03634362
    0.04686537
    0.02404772
    0.05290190
    0.07886027
    0.06492313
    0.04245927
    0.04940018
    0.06271019
    0.05672375
    0.03155868
    0.02336464
    0.02814951
