           1           2  0.98139761903717571     
           2           3  0.96522154438991381     
           3           4   1.0000810938701810     
           2           5  0.98260584490461855     
           5           6   1.4141789740404969     
           6           7   1.4425954244236383     
           5           8  0.10812634954316455     
           7           8   1.4175635506261524     
           8           9   1.4488466587515503     
           5          10   1.3624996027863525     
           7          10  0.11151494349560782     
           9          10   1.3969827305532700     
          10          11   1.0175591679652767     
          11          12   1.1703744696580680     
          12          13  0.99241079722237358     
          13          14   1.0059229776949874     
          11          15   1.5116553191545921     
          15          16   1.0178521795284852     
          16          17  0.96829450404033324     
          17          18  0.99697863598027769     
          17          19  0.99879246520315779     
          17          20  0.97102728762893875     
          20          21  0.92607019192429352     
          21          22   1.1595611715063046     
          22          23  0.94071313206949758     
          23          24  0.98888189789364467     
          24          25   1.0051854441537724     
          25          26   1.2544753380465075     
          26          27  0.92085474000563639     
          27          28  0.97464026301572237     
          28          29   1.2956906197908600     
          29          30  0.93553722055096900     
          30          31  0.96474074137844068     
          31          32   1.0072834311892314     
          31          33   1.0071747388754526     
          30          34  0.96609400268355150     
          34          35   1.2949183008815539     
          35          36  0.92689447894139987     
          36          37  0.97303179524902672     
          37          38  0.99444021290092410     
          38          39  0.98887230119701774     
          39          40   1.2344361052508039     
          40          41   1.0259944318192669     
          41          42   2.7555831358621714     
          42          43   1.0203903063429314     
          43          44  0.97328541810332936     
          44          45   1.0172179483051678     
          44          46   1.0161027502676816     
          43          47  0.96203412508613406     
          43          48  0.96972357502248419     
          39          49  0.19454290286973927     
          40          49   1.6140105092016086     
          39          50  0.99533412385325803     
          36          51  0.98294874351814898     
          50          51  0.99702044456171424     
          34          52  0.20203688795815067     
          35          52   1.6225976888352851     
          34          53  0.99451812962232200     
          28          54  0.19869330386332917     
          29          54   1.6330845146386848     
          27          55  0.99176340907428029     
          55          56  0.98654026926963612     
          56          57  0.98312512862633050     
          57          58   1.0028043420447390     
          58          59  0.98457152476925291     
          59          60  0.99526878549142961     
          56          61  0.97482344515878938     
          60          61  0.98328516597247462     
          25          62  0.20341813063378156     
          26          62   1.6658870914446426     
          25          63  0.97348484502954979     
          63          64  0.99624847733192612     
          23          65  0.99063932928237974     
          64          65   1.0083453939217573     
          21          66  0.17996226094353157     
          22          66   1.7488149711471930     
          15          67   1.2137050873042867     
          12          68   1.1702484264021755     
          67          68   1.2424077750810212     
          68          69   1.3263359508552104     
          69          70   1.5094038260284015     
          58          71   1.0494547576423174     
          70          71   1.3089391809060875     
          67          72   1.3167109652033169     
          69          72  0.10389076059667469     
          71          72   1.4402639420908494     
          36          73  0.90136264610886163     
           1          74  0.98289311851433059     
           1          75  0.97677362542973745     
           1          76  0.98509277459543010     
           2          77  0.95717873886831739     
           4          78  0.97757301595119128     
           4          79  0.97599351583185823     
           4          80  0.97533680399180933     
           7          81  0.96336980783431203     
           8          82  0.96936021402369432     
           9          83  0.96516821320649127     
          13          84  0.96958327669163902     
          13          85  0.95840542786916982     
          14          86  0.98528949345268013     
          14          87  0.98545002502531376     
          14          88  0.98536317537493789     
          16          89  0.96802066097512285     
          16          90  0.96491346994210880     
          18          91  0.98443168330669772     
          18          92  0.98374769401166562     
          18          93  0.98264308580588144     
          19          94  0.98338673798187726     
          19          95  0.98513961546662598     
          19          96  0.98532160629260812     
          20          97  0.96571033573598319     
          20          98  0.96173754491703611     
          23          99  0.93430722436268077     
          24         100  0.91018942679670767     
          27         101  0.94380675227305277     
          28         102  0.92357504175164429     
          30         103  0.94765480815208736     
          31         104  0.96473713277934214     
          32         105  0.98506026198271379     
          32         106  0.98561837772904848     
          32         107  0.98335313361485244     
          33         108  0.98432927700784068     
          33         109  0.98429449893277465     
          33         110  0.98555656974427874     
          37         111  0.96386614586018604     
          37         112  0.96549150684860041     
          38         113  0.95778908672260210     
          38         114  0.96354072377225042     
          45         115  0.97958338424238112     
          45         116  0.98031097152110025     
          45         117  0.97238558900183536     
          46         118  0.97659913983975355     
          46         119  0.97271727158543031     
          46         120  0.98098735126449477     
          47         121  0.98594068338684782     
          47         122  0.98178147918121894     
          47         123  0.98528226992278589     
          48         124  0.98505960965576833     
          48         125  0.97965232769659916     
          48         126  0.98476524447437830     
          50         127  0.96322215602316008     
          50         128  0.96343901158427669     
          51         129  0.97222242234251610     
          51         130  0.97014000001331491     
          53         131  0.96524601184342707     
          53         132  0.97047247756157085     
          53         133  0.97142986555305166     
          55         134  0.96706548002898307     
          55         135  0.97450005947513518     
          56         136  0.95691926147233197     
          57         137  0.96982521608425287     
          57         138  0.95596287145979530     
          59         139  0.97058463618746393     
          59         140  0.95354753823149729     
          60         141  0.96613054837484602     
          60         142  0.96999783554576602     
          63         143  0.96612812357090894     
          63         144  0.96957316144403505     
          64         145  0.97724375831621779     
          64         146  0.97437391037093901     
          65         147  0.97432992978558930     
          65         148  0.97330177596727052     
          69         149  0.96629898621462429     
          70         150  0.96782090252970132     
          72         151  0.95941165914334625     
