   -0.11694980
    0.11594802
   -0.31441177
    0.04391679
    0.08881699
   -0.21218881
    0.05626203
   -0.04358911
   -0.01828943
   -0.00249971
    0.01611762
   -0.04298432
    0.00657728
   -0.11019612
   -0.03847272
   -0.07333407
    0.02169993
   -0.10984908
   -0.11615041
    0.06929551
   -0.24719201
    0.35514119
    0.01935495
   -0.18355151
   -0.01828945
    0.23998683
    0.02190972
   -0.17374880
    0.27121079
    0.00294815
   -0.01201335
   -0.11099777
   -0.11485303
   -0.07296282
    0.24770046
    0.15286135
   -0.06518025
   -0.00110569
   -0.09559660
    0.28891107
   -0.07563664
   -0.02774934
    0.10267143
   -0.17352990
   -0.03261579
   -0.03407575
   -0.10900332
   -0.10825367
   -0.44634190
    0.00364304
   -0.06402886
   -0.46309311
   -0.04881204
   -0.44222209
   -0.07448383
    0.10896194
    0.00388469
   -0.16683338
    0.00047266
    0.08149027
   -0.33206377
   -0.45403206
   -0.01043434
   -0.06230286
   -0.06404552
   -0.41084517
   -0.02121514
    0.03237392
   -0.05015824
   -0.05212910
    0.05406391
   -0.05587766
   -0.26584406
    0.06965235
    0.03764227
    0.04107492
    0.01511273
    0.02685800
    0.05434263
    0.03263719
    0.04222893
    0.03786519
    0.03723940
    0.04619775
    0.04029819
    0.04397946
    0.05590632
    0.04283598
    0.05924136
    0.04575436
    0.03946305
    0.04271080
    0.04515212
    0.03573616
    0.03330851
    0.05372322
    0.06427682
    0.04664786
    0.05119430
    0.16440363
    0.07046061
    0.20042244
    0.08143530
    0.04077498
    0.04456854
    0.04019246
    0.04464755
    0.04366947
    0.04840627
    0.04353558
    0.07000913
    0.05705209
    0.05686678
    0.05674100
    0.03861919
    0.01700545
    0.03950145
    0.03828399
    0.04023137
    0.02238628
    0.04156485
    0.04008723
    0.05297632
    0.05276272
    0.04105249
    0.04519231
    0.07989718
    0.05122745
    0.04674882
    0.05748685
    0.06952469
    0.05682213
    0.08192807
    0.05515888
    0.04878031
    0.03343851
    0.05735448
    0.03545627
    0.04312043
    0.03054564
    0.04293353
    0.01806891
    0.08322559
    0.06294675
    0.04508186
    0.05047487
    0.05416699
    0.05659201
    0.02677383
    0.03848975
    0.03364051
