           1           2  0.99441527548679587     
           2           3  0.96303405401075770     
           3           4  0.99643716432541130     
           2           5  0.97651458156218629     
           5           6   1.4266823948169156     
           6           7   1.4432526542403730     
           5           8  0.11029147981797430     
           7           8   1.4161402172906417     
           8           9   1.4485581116263488     
           5          10   1.3566673018154130     
           7          10  0.11127678597564455     
           9          10   1.3949003683313919     
          10          11   1.0231407474258014     
          11          12   1.1552664321357782     
          12          13  0.99546787501649536     
          13          14   1.0056862885399682     
          11          15   1.5141301577787194     
          15          16   1.0195243163331889     
          16          17  0.96677203243875853     
          17          18  0.99900354453987661     
          17          19  0.99730124830837308     
          17          20  0.97654026999989252     
          20          21  0.92612731387677383     
          21          22   1.1704349700048657     
          22          23  0.93937517768257561     
          23          24  0.99097086829230163     
          24          25   1.0048502102636430     
          25          26   1.2664752164493489     
          26          27  0.93784788421303056     
          27          28  0.99488083202509348     
          28          29   1.2686016566943354     
          29          30  0.93188547273482136     
          30          31  0.96551328703338102     
          31          32   1.0073662809365240     
          31          33   1.0067153463400413     
          30          34  0.96797438033946892     
          34          35   1.2888955919719569     
          35          36  0.92555333187191702     
          36          37  0.98212718536752575     
          37          38  0.99488780505150687     
          38          39  0.99640228521831298     
          39          40   1.2164619157283525     
          40          41   1.0252163844803541     
          41          42   2.7546047283179558     
          42          43   1.0131112736990033     
          43          44  0.96529307422486799     
          44          45   1.0139256037328770     
          44          46   1.0126943844930387     
          43          47  0.97541959675133427     
          43          48  0.97355808905823893     
          39          49  0.19456151442763578     
          40          49   1.6349554428722866     
          39          50  0.99304968585959852     
          36          51  0.96981400898033376     
          50          51  0.99328971655889764     
          34          52  0.20126657138320223     
          35          52   1.6366747017970620     
          34          53  0.99208917768985883     
          28          54  0.19954558865219857     
          29          54   1.6748619564352534     
          27          55  0.96233717416927800     
          55          56  0.98395980661680404     
          56          57  0.97495361421637372     
          57          58  0.99459340402846363     
          58          59   1.0050081022962545     
          59          60  0.97984138126613973     
          56          61  0.96681846713353736     
          60          61  0.98541381099119396     
          25          62  0.20085971007941961     
          26          62   1.6350314764667275     
          25          63  0.97405609230218670     
          63          64  0.99814169418747567     
          23          65  0.98303945191618547     
          64          65   1.0069694690499933     
          21          66  0.18146909543359860     
          22          66   1.7397113672031785     
          15          67   1.2075043521906201     
          12          68   1.1632018509867639     
          67          68   1.2471511946928200     
          68          69   1.3288693991352898     
          69          70   1.5058367225048868     
          58          71   1.0236237186936621     
          70          71   1.3205993859035201     
          67          72   1.3243888484343200     
          69          72  0.10709730764489173     
          71          72   1.4597132785186682     
          36          73  0.90919448005327796     
           1          74  0.98251507013260986     
           1          75  0.98544661070209516     
           1          76  0.98339680069937074     
           2          77  0.95481643733316668     
           4          78  0.97604980069578851     
           4          79  0.97879303645388971     
           4          80  0.97635492194588225     
           7          81  0.96318927373369134     
           8          82  0.96944577932177445     
           9          83  0.96624516891992773     
          13          84  0.96816426210534212     
          13          85  0.96996929350641981     
          14          86  0.98457341084118433     
          14          87  0.98453814721876010     
          14          88  0.98520868046599341     
          16          89  0.95724231841543139     
          16          90  0.96995763435053561     
          18          91  0.98479618112937706     
          18          92  0.98566873037538083     
          18          93  0.98380354354514510     
          19          94  0.98463684327823342     
          19          95  0.97827618893564583     
          19          96  0.98264389260031315     
          20          97  0.95993376669571617     
          20          98  0.96519103385877913     
          23          99  0.93319936733141762     
          24         100  0.93007698642252290     
          27         101  0.94204739309942886     
          28         102  0.92228842439896042     
          30         103  0.94647640125475663     
          31         104  0.96158726060375999     
          32         105  0.98589809014328111     
          32         106  0.98488234831772026     
          32         107  0.98471936324561271     
          33         108  0.98530720318804077     
          33         109  0.98430262915194278     
          33         110  0.98404611447869184     
          37         111  0.97048696432231019     
          37         112  0.97239362243960770     
          38         113  0.96319761829281303     
          38         114  0.96508642281969048     
          45         115  0.98109585465152194     
          45         116  0.97486616651645708     
          45         117  0.97980641304311955     
          46         118  0.98115147142102399     
          46         119  0.98004448301870650     
          46         120  0.97496677317428027     
          47         121  0.98372324966246638     
          47         122  0.98449046250084715     
          47         123  0.98295939076404082     
          48         124  0.98235971760350893     
          48         125  0.98438344682996104     
          48         126  0.98357988226761484     
          50         127  0.96342023900729501     
          50         128  0.96623608633553271     
          51         129  0.97055032147346043     
          51         130  0.97339919441047174     
          53         131  0.97350172891759390     
          53         132  0.97413026076721154     
          53         133  0.96951488334770541     
          55         134  0.97068864160999113     
          55         135  0.96932780879473013     
          56         136  0.95671248957408694     
          57         137  0.96889466978398986     
          57         138  0.96950403490289161     
          59         139  0.97482388779443230     
          59         140  0.97060091351903854     
          60         141  0.97221492539799947     
          60         142  0.97156757290997109     
          63         143  0.96477551410761442     
          63         144  0.96724183011614306     
          64         145  0.97691320212460198     
          64         146  0.97388205195254840     
          65         147  0.97595431367771468     
          65         148  0.97353465313873400     
          69         149  0.96621808784751728     
          70         150  0.96881802351734114     
          72         151  0.96014786935541951     
