   -0.11793316
    0.10979283
   -0.31759760
    0.04408773
    0.08609273
   -0.23699507
    0.05736207
   -0.04350169
   -0.01469040
    0.00710809
    0.02627480
   -0.02687284
   -0.00071738
   -0.10933341
   -0.03954730
   -0.07264023
    0.02279915
   -0.11223482
   -0.10672959
    0.06499869
   -0.25781955
    0.35293028
    0.02668632
   -0.19540996
   -0.02273553
    0.24185094
    0.02631833
   -0.16407873
    0.27199929
    0.00985107
   -0.01474749
   -0.11081590
   -0.11259043
   -0.07269394
    0.24813796
    0.15251195
   -0.06438459
   -0.00047292
   -0.09303031
    0.29020132
   -0.07658386
   -0.02734854
    0.10307760
   -0.17415228
   -0.03222582
   -0.03109640
   -0.10897722
   -0.10712765
   -0.45833477
    0.00219840
   -0.06850322
   -0.46577757
   -0.05703962
   -0.46198214
   -0.07254655
    0.11057492
    0.01045942
   -0.16717142
    0.00021683
    0.07876567
   -0.31935556
   -0.43790681
   -0.01024771
   -0.06262517
   -0.06629004
   -0.40252821
   -0.02841626
    0.03446592
   -0.04584662
   -0.05876269
    0.04718324
   -0.07279378
   -0.27163319
    0.07470672
    0.03852959
    0.03961647
    0.03817723
    0.02737523
    0.02996798
    0.05310015
    0.03890418
    0.03656988
    0.03520620
    0.04413107
    0.07362035
    0.04703423
    0.03758357
    0.04145480
    0.04406581
    0.05801957
    0.03448090
    0.04272478
    0.04185501
    0.04020454
    0.03809228
    0.04599314
    0.05786760
    0.06440657
    0.02559416
    0.18770614
    0.06303098
    0.20464084
    0.07779140
    0.04823423
    0.04362248
    0.04204724
    0.04339081
    0.04173689
    0.04982305
    0.04117506
    0.05959194
    0.06655480
    0.05566863
    0.05551591
    0.03849259
    0.01550737
    0.04033578
    0.04071409
    0.01786039
    0.03727997
    0.05335381
    0.04172458
    0.04146133
    0.05391269
    0.04117509
    0.04350772
    0.04831000
    0.09270413
    0.05885013
    0.05595708
    0.08023858
    0.06030070
    0.07450415
    0.08173389
    0.04614017
    0.02391759
    0.03499634
    0.02568803
    0.03502987
    0.04906049
    0.02367822
    0.05213651
    0.07902640
    0.06510839
    0.04205585
    0.04939303
    0.06392859
    0.05520539
    0.02596480
    0.02028645
    0.02754784
