           1           2  0.98263025937109927     
           2           3  0.96326070538352615     
           3           4  0.99958551820028807     
           2           5  0.98231011655207578     
           5           6   1.4144446633520673     
           6           7   1.4428318934281106     
           5           8  0.10809706055951732     
           7           8   1.4169168897197582     
           8           9   1.4495747878314624     
           5          10   1.3628833604527872     
           7          10  0.11152355169496662     
           9          10   1.3954580013100046     
          10          11   1.0186257248086954     
          11          12   1.1680063356531289     
          12          13  0.99322891700273008     
          13          14   1.0062014396551777     
          11          15   1.5124981547270346     
          15          16   1.0180461190409980     
          16          17  0.96843174789267061     
          17          18  0.99722891767057043     
          17          19  0.99885513654016855     
          17          20  0.97030268561382482     
          20          21  0.92659241747699816     
          21          22   1.1596157174389445     
          22          23  0.93971348397641896     
          23          24  0.98733510336919250     
          24          25   1.0054230810683262     
          25          26   1.2552755379127680     
          26          27  0.92058855385740213     
          27          28  0.97495637400412072     
          28          29   1.2968724417513191     
          29          30  0.93483162860534352     
          30          31  0.96669901301405903     
          31          32   1.0071722052514152     
          31          33   1.0068642556115395     
          30          34  0.96447717561369140     
          34          35   1.2939026949931889     
          35          36  0.92654345108195513     
          36          37  0.98286800924002526     
          37          38  0.99618836524774734     
          38          39  0.99580082793364755     
          39          40   1.2296252095761289     
          40          41   1.0272214211928505     
          41          42   2.7521033135710300     
          42          43   1.0137459061609329     
          43          44  0.96567985068404139     
          44          45   1.0142285066230892     
          44          46   1.0133677636684535     
          43          47  0.97583029962506873     
          43          48  0.97170889273858574     
          39          49  0.19149146986803744     
          40          49   1.6147267988998233     
          39          50  0.98917104692605062     
          36          51  0.97368444070743065     
          50          51  0.99248183780716170     
          34          52  0.20142700858733750     
          35          52   1.6242289666003207     
          34          53  0.99458585582028824     
          28          54  0.19861955788402874     
          29          54   1.6327279790329499     
          27          55  0.99173665938304056     
          55          56  0.98656163707180111     
          56          57  0.98292791792999878     
          57          58   1.0027996387602154     
          58          59  0.98442890540970651     
          59          60  0.99486519878839741     
          56          61  0.97500396147155455     
          60          61  0.98406854051952530     
          25          62  0.20325606622111791     
          26          62   1.6647997831757979     
          25          63  0.97331935786079382     
          63          64  0.99629467652262582     
          23          65  0.99128560846270730     
          64          65   1.0084072470333847     
          21          66  0.18031920607993474     
          22          66   1.7504469055374492     
          15          67   1.2122884736957935     
          12          68   1.1711751709786964     
          67          68   1.2426089876153548     
          68          69   1.3258491572003817     
          69          70   1.5092384544688437     
          58          71   1.0501012865712087     
          70          71   1.3092562224301851     
          67          72   1.3166967840148323     
          69          72  0.10342151234318263     
          71          72   1.4402469940556379     
          36          73  0.90102049960686903     
           1          74  0.97406273897327766     
           1          75  0.98512673175758003     
           1          76  0.98288534799652294     
           2          77  0.95772015019323309     
           4          78  0.97620359939879109     
           4          79  0.97546568616480900     
           4          80  0.97826472939450160     
           7          81  0.96334682614952782     
           8          82  0.96932660675800419     
           9          83  0.96514439297060739     
          13          84  0.96955362163660985     
          13          85  0.96100888851705868     
          14          86  0.98528286294604484     
          14          87  0.98519819542594056     
          14          88  0.98556968224549035     
          16          89  0.96781812824431512     
          16          90  0.96282351371712882     
          18          91  0.98195552758695326     
          18          92  0.98433377060078742     
          18          93  0.98417180051772735     
          19          94  0.98495445320654362     
          19          95  0.98531655785621131     
          19          96  0.98344161404229569     
          20          97  0.96594248204945787     
          20          98  0.96211863296788258     
          23          99  0.93650832331871958     
          24         100  0.90970728286921143     
          27         101  0.94430019564945700     
          28         102  0.92414123933892256     
          30         103  0.94890459010246386     
          31         104  0.96447079792494361     
          32         105  0.98560782614102327     
          32         106  0.98312790945498763     
          32         107  0.98514892549506494     
          33         108  0.98559228901490359     
          33         109  0.98437629295838935     
          33         110  0.98424267747391325     
          37         111  0.97221235059997990     
          37         112  0.96904371209318574     
          38         113  0.96420769336366707     
          38         114  0.96402105239983937     
          45         115  0.98110960205927777     
          45         116  0.97483707765765348     
          45         117  0.97990095559978030     
          46         118  0.97984209414746459     
          46         119  0.97352814431981582     
          46         120  0.98130184275317056     
          47         121  0.98276478969743164     
          47         122  0.98394601544322335     
          47         123  0.98427779003138949     
          48         124  0.98208885638732435     
          48         125  0.98442064089592807     
          48         126  0.98261979231420726     
          50         127  0.96528453328068742     
          50         128  0.95819633562901330     
          51         129  0.96299879759793572     
          51         130  0.96613297395329412     
          53         131  0.96593086804097217     
          53         132  0.97086519961839812     
          53         133  0.97161792804082103     
          55         134  0.96681648226151218     
          55         135  0.97446616148797860     
          56         136  0.95689736417830029     
          57         137  0.96969029839001786     
          57         138  0.95654940537188737     
          59         139  0.97114170030320612     
          59         140  0.95317430701165129     
          60         141  0.96607499897262872     
          60         142  0.97009343683932880     
          63         143  0.96605602492091880     
          63         144  0.96956798160815572     
          64         145  0.97725522115668628     
          64         146  0.97433414401324803     
          65         147  0.97405154230053526     
          65         148  0.97359479976572727     
          69         149  0.96534968301420865     
          70         150  0.96754633891670272     
          72         151  0.95953005857498730     
