   -0.11718127
    0.10967568
   -0.31734740
    0.04434793
    0.08591793
   -0.23719658
    0.05738338
   -0.04356207
   -0.01462688
    0.00697053
    0.02600005
   -0.02745568
   -0.00144724
   -0.10903719
   -0.03941732
   -0.07179803
    0.02277611
   -0.11219274
   -0.10677317
    0.06492854
   -0.25768516
    0.35284990
    0.02687440
   -0.19613306
   -0.02320403
    0.24177911
    0.02611152
   -0.16438368
    0.27166114
    0.00919204
   -0.01458591
   -0.11069851
   -0.11273950
   -0.07265760
    0.24800102
    0.15256929
   -0.06864575
    0.00279631
   -0.09173072
    0.28958906
   -0.07664807
   -0.02781109
    0.10303210
   -0.17403205
   -0.03115548
   -0.03268970
   -0.10832933
   -0.10869160
   -0.46041050
   -0.00020657
   -0.06440133
   -0.46502404
   -0.05789911
   -0.46179737
   -0.07259118
    0.11059590
    0.01052099
   -0.16841630
    0.00147452
    0.07869488
   -0.31976001
   -0.43761338
   -0.01008869
   -0.06266167
   -0.06630167
   -0.40322354
   -0.02855004
    0.03388666
   -0.04541216
   -0.05905107
    0.04704369
   -0.07270832
   -0.27154379
    0.03993641
    0.07262778
    0.03936136
    0.03849344
    0.05333487
    0.02706167
    0.02983929
    0.03894136
    0.03669586
    0.03566898
    0.04364762
    0.07582092
    0.03720605
    0.04151676
    0.04704490
    0.04446550
    0.05649326
    0.04258656
    0.04177572
    0.03464659
    0.04003138
    0.03788575
    0.04628115
    0.05782545
    0.06466174
    0.02614152
    0.18843458
    0.06350793
    0.20495611
    0.07907903
    0.04778688
    0.04331996
    0.04388804
    0.04208801
    0.04981945
    0.04087819
    0.04183544
    0.05836375
    0.05695458
    0.09224088
    0.04818838
    0.03996839
    0.01758613
    0.03767413
    0.01781359
    0.04018574
    0.03817256
    0.04252424
    0.05383847
    0.04165422
    0.04133773
    0.05354850
    0.04291154
    0.05569982
    0.05482169
    0.06017786
    0.06685418
    0.06000146
    0.07455087
    0.08109372
    0.08155732
    0.04622654
    0.02407836
    0.03489576
    0.02509717
    0.03483071
    0.04685307
    0.02379410
    0.05309433
    0.07879994
    0.06488071
    0.04230926
    0.04935429
    0.06321450
    0.05589169
    0.02610681
    0.02188187
    0.02823053
