           1           2  0.98233957114423154     
           2           3  0.96386999791396999     
           3           4  0.99975613059584534     
           2           5  0.98236167403913399     
           5           6   1.4148124110779103     
           6           7   1.4423351480641569     
           5           8  0.10822405873135198     
           7           8   1.4176929630632742     
           8           9   1.4487693442444898     
           5          10   1.3624195688863701     
           7          10  0.11155938378740514     
           9          10   1.3968617713449858     
          10          11   1.0179431956467804     
          11          12   1.1686258161670682     
          12          13  0.99299846159305649     
          13          14   1.0060854231097496     
          11          15   1.5127251154214219     
          15          16   1.0180039084683798     
          16          17  0.96839036734480621     
          17          18  0.99715567568657382     
          17          19  0.99886145489517997     
          17          20  0.97052373093970712     
          20          21  0.92650350518420721     
          21          22   1.1595770534366816     
          22          23  0.94024429162277523     
          23          24  0.98821950942920822     
          24          25   1.0052750873068048     
          25          26   1.2550027674683899     
          26          27  0.92042573741055234     
          27          28  0.97458777051996714     
          28          29   1.2970132753366650     
          29          30  0.93551581649274851     
          30          31  0.96566231608933084     
          31          32   1.0071907518549708     
          31          33   1.0069813142206623     
          30          34  0.96520847233601303     
          34          35   1.2935331598629725     
          35          36  0.92655941607955528     
          36          37  0.97341470708007394     
          37          38  0.99345902975241573     
          38          39  0.98919312956790773     
          39          40   1.2335982820444085     
          40          41   1.0271427941759455     
          41          42   2.7521659037110751     
          42          43   1.0135547824552817     
          43          44  0.96526974489907891     
          44          45   1.0135250214058709     
          44          46   1.0137977896766357     
          43          47  0.97359330000068633     
          43          48  0.97465960948824770     
          39          49  0.19274753471190068     
          40          49   1.6112668292810963     
          39          50  0.99557394234459029     
          36          51  0.98314808123766861     
          50          51  0.99651628413480819     
          34          52  0.20168546398849299     
          35          52   1.6244966933604836     
          34          53  0.99454179592378078     
          28          54  0.19844293407365945     
          29          54   1.6312335208768300     
          27          55  0.99196251630209131     
          55          56  0.98668498385499293     
          56          57  0.98294445603316760     
          57          58   1.0027718871623192     
          58          59  0.98451813357906304     
          59          60  0.99497609432308498     
          56          61  0.97495014034666416     
          60          61  0.98381677733890460     
          25          62  0.20338428890300486     
          26          62   1.6652658424431110     
          25          63  0.97339101000633887     
          63          64  0.99628990020381814     
          23          65  0.99098394441570692     
          64          65   1.0083607855584400     
          21          66  0.18007889377692610     
          22          66   1.7495616575615043     
          15          67   1.2125955864783908     
          12          68   1.1709914645757362     
          67          68   1.2425679674397447     
          68          69   1.3260665211992866     
          69          70   1.5091704642569228     
          58          71   1.0482561785597644     
          70          71   1.3096769919765725     
          67          72   1.3168304311574885     
          69          72  0.10353935562324268     
          71          72   1.4410225047013978     
          36          73  0.90087273997810446     
           1          74  0.98293073374787243     
           1          75  0.97502588826109493     
           1          76  0.98513579880876656     
           2          77  0.95771135867004209     
           4          78  0.97806720435342909     
           4          79  0.97613158553511270     
           4          80  0.97547966800848374     
           7          81  0.96334684126771908     
           8          82  0.96933988179522812     
           9          83  0.96522999396212295     
          13          84  0.96959379311650051     
          13          85  0.96038632181340622     
          14          86  0.98536764728037940     
          14          87  0.98554590284812793     
          14          88  0.98534602360138457     
          16          89  0.96785330248257306     
          16          90  0.96372053241927491     
          18          91  0.98435634594982335     
          18          92  0.98404841029710066     
          18          93  0.98224163283557031     
          19          94  0.98502957771593924     
          19          95  0.98531345003486481     
          19          96  0.98339604088082877     
          20          97  0.96586815706152496     
          20          98  0.96195013043999555     
          23          99  0.93533848182769730     
          24         100  0.90843281974439782     
          27         101  0.94424944892862561     
          28         102  0.92386218894540384     
          30         103  0.94826136960464058     
          31         104  0.96453245051657854     
          32         105  0.98509852632444250     
          32         106  0.98560004872306783     
          32         107  0.98317552132532904     
          33         108  0.98434183809098585     
          33         109  0.98427812313434282     
          33         110  0.98556593204947840     
          37         111  0.96326456237907698     
          37         112  0.96610736444091838     
          38         113  0.95798587961780945     
          38         114  0.96436047091777266     
          45         115  0.97994667791327750     
          45         116  0.97314002472993777     
          45         117  0.98126119775076615     
          46         118  0.97481650893147653     
          46         119  0.97992274998540818     
          46         120  0.98111755130932488     
          47         121  0.98369462519563311     
          47         122  0.98241849809868054     
          47         123  0.98434926293187575     
          48         124  0.98431098977683429     
          48         125  0.98254857309215837     
          48         126  0.98380261094265820     
          50         127  0.96372326157316968     
          50         128  0.96389401994098212     
          51         129  0.97214819292522892     
          51         130  0.96946248703248794     
          53         131  0.97068455275427401     
          53         132  0.97167141264631951     
          53         133  0.96531909825871798     
          55         134  0.96692994849011082     
          55         135  0.97446727240151665     
          56         136  0.95690485577235573     
          57         137  0.97000543005135920     
          57         138  0.95617306724409279     
          59         139  0.97118531272372555     
          59         140  0.95342967250112975     
          60         141  0.96613975950403341     
          60         142  0.96997558855774990     
          63         143  0.96612225133053931     
          63         144  0.96957580355909223     
          64         145  0.97725783023341328     
          64         146  0.97435770832233870     
          65         147  0.97421751703159043     
          65         148  0.97346340594523495     
          69         149  0.96494984679348228     
          70         150  0.96827281323600167     
          72         151  0.95945484833040795     
