   -0.11718681
    0.11578449
   -0.31419556
    0.04451224
    0.08707873
   -0.21446934
    0.05668637
   -0.04323859
   -0.01658464
   -0.00303325
    0.01806946
   -0.04781383
    0.00692150
   -0.11005367
   -0.04172132
   -0.06860098
    0.02226711
   -0.11310184
   -0.10606376
    0.06542953
   -0.26252707
    0.35238558
    0.02594100
   -0.18446797
   -0.02111130
    0.23875146
    0.02441655
   -0.15220945
    0.27842279
    0.00286091
   -0.01352747
   -0.10822224
   -0.11164163
   -0.07210860
    0.24867324
    0.15194602
   -0.06836961
    0.00287783
   -0.09447748
    0.29000215
   -0.07381083
   -0.01388496
    0.10091396
   -0.17081814
   -0.02978090
   -0.03134694
   -0.10540917
   -0.10909619
   -0.44001742
   -0.00038049
   -0.06505565
   -0.45188807
   -0.06125230
   -0.45515538
   -0.06828620
    0.11636474
   -0.01103352
   -0.13293221
   -0.00583928
    0.07946925
   -0.32697451
   -0.44412772
   -0.01108213
   -0.06325565
   -0.06538875
   -0.38798283
   -0.02596668
    0.02201473
   -0.05244541
   -0.06105048
    0.05262291
   -0.07615556
   -0.27390029
    0.04064587
    0.07071706
    0.03824543
    0.01422152
    0.02641091
    0.05592325
    0.03112737
    0.04226462
    0.03825762
    0.03819062
    0.04607688
    0.04128806
    0.05080663
    0.04401399
    0.04313756
    0.05767428
    0.04005744
    0.03739998
    0.04654605
    0.04055676
    0.02981154
    0.04654819
    0.04284108
    0.06533505
    0.05998007
    0.02457591
    0.15233012
    0.07175919
    0.20163681
    0.08134028
    0.04944106
    0.03230677
    0.04320001
    0.04594674
    0.04683531
    0.03887698
    0.04422466
    0.05336823
    0.05500802
    0.04999030
    0.08093865
    0.04025489
    0.03816444
    0.00883078
    0.04222298
    0.03817000
    0.01142047
    0.03841340
    0.04026405
    0.03338546
    0.05560974
    0.04138918
    0.04739463
    0.05379350
    0.05556214
    0.06970920
    0.06119153
    0.04463133
    0.07391969
    0.09418257
    0.06396715
    0.03870435
    0.01784550
    0.03519438
    0.07372147
    0.04745333
    0.05338434
    0.01501325
    0.05627418
    0.08633615
    0.06578670
    0.04599642
    0.05329433
    0.07439889
    0.04707936
    0.02149105
    0.02466879
    0.02565498
