           1           2  0.99641591716507227     
           2           3  0.96223129158503773     
           3           4  0.99731737351987249     
           2           5  0.97563912283935461     
           5           6   1.4273626279320724     
           6           7   1.4412286798854492     
           5           8  0.11065380425889877     
           7           8   1.4191474721896478     
           8           9   1.4467076650815311     
           5          10   1.3578689561987360     
           7          10  0.11157830802887883     
           9          10   1.4022434684769161     
          10          11   1.0195385331655760     
          11          12   1.1598233091096894     
          12          13  0.99665803294142241     
          13          14   1.0054931017384041     
          11          15   1.5162986408048675     
          15          16   1.0188379993136039     
          16          17  0.96615146327604473     
          17          18  0.99688567354906321     
          17          19  0.99866132817248032     
          17          20  0.97257062746615297     
          20          21  0.92460798761793050     
          21          22   1.1555257506531253     
          22          23  0.93232812223167538     
          23          24  0.97372690025601560     
          24          25   1.0003211184264857     
          25          26   1.2631258008299526     
          26          27  0.93236955809161448     
          27          28  0.99472845952591848     
          28          29   1.2936725080494764     
          29          30  0.93614493207511118     
          30          31  0.96337344327276586     
          31          32   1.0089091770718692     
          31          33   1.0069857369514466     
          30          34  0.96451340338331970     
          34          35   1.2893824403106338     
          35          36  0.91908939520201338     
          36          37  0.97585820727747319     
          37          38  0.99376834073346743     
          38          39  0.99296328418541080     
          39          40   1.2165183374012680     
          40          41   1.0224077913924197     
          41          42   2.7602449497765877     
          42          43   1.0190248252746521     
          43          44  0.97124197181288829     
          44          45   1.0175512519305105     
          44          46   1.0168825904277716     
          43          47  0.96139096675758950     
          43          48  0.97307982218007605     
          39          49  0.19649691619052581     
          40          49   1.6399858846869924     
          39          50  0.99640041759880771     
          36          51  0.98542226413759060     
          50          51  0.99522257018835780     
          34          52  0.20678475410787805     
          35          52   1.6445180786771385     
          34          53  0.99519363486148149     
          28          54  0.19829746994519457     
          29          54   1.6414963175285979     
          27          55  0.97065351836048885     
          55          56  0.98978287302249612     
          56          57  0.97385646022685990     
          57          58   1.0015326494876364     
          58          59  0.99541546345978227     
          59          60  0.98421728003126507     
          56          61  0.97188864779057260     
          60          61  0.98487431112397161     
          25          62  0.20354450180075084     
          26          62   1.6459588714969051     
          25          63  0.97355298629707843     
          63          64  0.99962081084154764     
          23          65  0.98926559827539795     
          64          65   1.0077225429377981     
          21          66  0.18448908542778836     
          22          66   1.7657894759340242     
          15          67   1.2074859385783723     
          12          68   1.1510520338421149     
          67          68   1.2464864073674593     
          68          69   1.3296282816520197     
          69          70   1.5092200786220478     
          58          71   1.1047163528126915     
          70          71   1.2928043075381859     
          67          72   1.3269898619763230     
          69          72  0.10300991837685022     
          71          72   1.4116479947282359     
          36          73  0.89749028750812199     
           1          74  0.98335372384923503     
           1          75  0.98237507818965475     
           1          76  0.98547817872635302     
           2          77  0.95456776291754830     
           4          78  0.97571209032653405     
           4          79  0.97874204166265200     
           4          80  0.97634778062388516     
           7          81  0.96319867408311055     
           8          82  0.96941962830788142     
           9          83  0.96632814783856202     
          13          84  0.96855005803373884     
          13          85  0.97021785909320601     
          14          86  0.98549764300775455     
          14          87  0.98518312360087834     
          14          88  0.98523559088629320     
          16          89  0.96456467587978412     
          16          90  0.96813040254312499     
          18          91  0.98386729487610602     
          18          92  0.98211491426983433     
          18          93  0.98487846103692855     
          19          94  0.98558985642916519     
          19          95  0.98391339669697964     
          19          96  0.98468574352422045     
          20          97  0.96213606283323094     
          20          98  0.96566565946075800     
          23          99  0.95059007283230912     
          24         100  0.93942735514985443     
          27         101  0.93982450261646289     
          28         102  0.92333844725290815     
          30         103  0.94846830610790323     
          31         104  0.96499671928806563     
          32         105  0.98495173241201073     
          32         106  0.98473275515849512     
          32         107  0.98553965270181731     
          33         108  0.98484008281521584     
          33         109  0.98421234290045068     
          33         110  0.98577976857290062     
          37         111  0.96939479050441135     
          37         112  0.97317550545626563     
          38         113  0.96581140141678889     
          38         114  0.96318719604037351     
          45         115  0.98082204985858845     
          45         116  0.97726018445039553     
          45         117  0.97204545674828946     
          46         118  0.97942757977892270     
          46         119  0.98021065679671748     
          46         120  0.97269295399311750     
          47         121  0.98566859238309446     
          47         122  0.98161502799786871     
          47         123  0.98516174937194190     
          48         124  0.98485031670764478     
          48         125  0.98014769589333828     
          48         126  0.98400969863113208     
          50         127  0.96485199439174940     
          50         128  0.96302612329614312     
          51         129  0.97067349620316290     
          51         130  0.97143348187175294     
          53         131  0.97003638793302294     
          53         132  0.97289909376361872     
          53         133  0.96071402835263742     
          55         134  0.97112778516136078     
          55         135  0.96624714007738377     
          56         136  0.95284026397974020     
          57         137  0.96647076031812151     
          57         138  0.95470238584952416     
          59         139  0.96672781381060680     
          59         140  0.96811726622418259     
          60         141  0.96638553669714011     
          60         142  0.96741046050123780     
          63         143  0.96327766885122634     
          63         144  0.96579683639866232     
          64         145  0.97657732036211287     
          64         146  0.97338443940537622     
          65         147  0.97091775678133063     
          65         148  0.97470402401279643     
          69         149  0.96693952001905958     
          70         150  0.96460514006263653     
          72         151  0.95821122374495293     
