   -0.11787360
    0.11593132
   -0.31475233
    0.04488288
    0.08731840
   -0.21706630
    0.05671132
   -0.04326303
   -0.01713120
   -0.00066867
    0.02018591
   -0.04683710
    0.00654595
   -0.11017108
   -0.03637835
   -0.06794458
    0.02280587
   -0.11226952
   -0.11294183
    0.07653075
   -0.25444991
    0.35005673
    0.02852286
   -0.19508171
   -0.02130963
    0.24228118
    0.02968871
   -0.16380721
    0.27149103
    0.00553147
   -0.01374818
   -0.11169692
   -0.10943225
   -0.07933717
    0.25020343
    0.15389525
   -0.06733580
    0.00271657
   -0.09530205
    0.29004842
   -0.07295730
   -0.01398614
    0.10098299
   -0.16969873
   -0.03046750
   -0.03150837
   -0.10627351
   -0.10837886
   -0.43804936
   -0.00167027
   -0.06616628
   -0.45993819
   -0.05718920
   -0.45017908
   -0.06808596
    0.11256008
    0.01034764
   -0.15746758
    0.00574319
    0.07664436
   -0.31875976
   -0.43752656
   -0.01080685
   -0.06178109
   -0.06357672
   -0.40588548
   -0.02510075
    0.02484008
   -0.05274408
   -0.05679940
    0.05233825
   -0.06416265
   -0.27157408
    0.06961311
    0.04291460
    0.04044063
    0.01470981
    0.05692946
    0.02975941
    0.02708463
    0.04266215
    0.03859816
    0.03952116
    0.04750175
    0.04144950
    0.04380125
    0.05038712
    0.04476414
    0.05550250
    0.04664490
    0.04616765
    0.03908614
    0.04283398
    0.04686988
    0.03783780
    0.03785311
    0.05833517
    0.04885656
    0.02755490
    0.19434002
    0.06865077
    0.20637920
    0.07534236
    0.05497715
    0.04866990
    0.03785926
    0.04587143
    0.04344970
    0.04180399
    0.03278114
    0.05296586
    0.05578848
    0.05070377
    0.08163536
    0.01069465
    0.03977257
    0.03971912
    0.03899168
    0.01071171
    0.04221106
    0.03370398
    0.03611186
    0.03965187
    0.04258634
    0.04504684
    0.05610406
    0.05421376
    0.05709010
    0.06928412
    0.06428880
    0.08223414
    0.05182619
    0.07994521
    0.07076192
    0.05018442
    0.02396933
    0.03219728
    0.01823232
    0.04296012
    0.03016216
    0.02260263
    0.06205872
    0.07984162
    0.06506760
    0.04177659
    0.04836254
    0.05704512
    0.04944459
    0.02368914
    0.02884027
    0.02044521
