           1           2  0.99946580828331755     
           2           3  0.96269612007256034     
           3           4  0.99746003373353098     
           2           5  0.97509239646059587     
           5           6   1.4315693788528987     
           6           7   1.4353819312927043     
           5           8  0.11122891225029556     
           7           8   1.4256071546591198     
           8           9   1.4394707331320065     
           5          10   1.3534614169979446     
           7          10  0.11307437800833076     
           9          10   1.4123064151140443     
          10          11   1.0141436154146082     
          11          12   1.1577521546295182     
          12          13  0.99598507446309426     
          13          14   1.0052535864211873     
          11          15   1.5234622674796685     
          15          16   1.0189970185977189     
          16          17  0.96561873287247046     
          17          18  0.99767878455746750     
          17          19  0.99807799981985845     
          17          20  0.98195071590372640     
          20          21  0.92667324845734833     
          21          22   1.1579402460617434     
          22          23  0.94371324028227099     
          23          24  0.99803597386528864     
          24          25   1.0071024815924421     
          25          26   1.2512233999539835     
          26          27  0.92176402245151656     
          27          28  0.97979120023497668     
          28          29   1.2967424701413877     
          29          30  0.92829318656821891     
          30          31  0.97830446619953759     
          31          32   1.0060475063608376     
          31          33   1.0082934965130634     
          30          34  0.95322837893597434     
          34          35   1.2931797199303072     
          35          36  0.92321525036524066     
          36          37  0.97374382810990967     
          37          38  0.99335247187599873     
          38          39  0.99331715062118164     
          39          40   1.2134197597023160     
          40          41   1.0224901685648855     
          41          42   2.7617044280326524     
          42          43   1.0174363080382833     
          43          44  0.97215341673227740     
          44          45   1.0165279037185078     
          44          46   1.0171735695516229     
          43          47  0.96267269566560310     
          43          48  0.97308608179207812     
          39          49  0.19653144282089441     
          40          49   1.6436802493923763     
          39          50  0.99633311176138117     
          36          51  0.98545444232485724     
          50          51  0.99516033101493950     
          34          52  0.20190553486984733     
          35          52   1.6318568336690880     
          34          53  0.99364160647932431     
          28          54  0.20182170535406677     
          29          54   1.6439692165766029     
          27          55  0.98989770245344122     
          55          56  0.99003791358374316     
          56          57  0.97852983629870938     
          57          58   1.0050637817474819     
          58          59  0.98749109328287532     
          59          60  0.99490916143764319     
          56          61  0.97805963874906598     
          60          61  0.98440740256570436     
          25          62  0.20206051871115630     
          26          62   1.6682885413703690     
          25          63  0.97475869470732657     
          63          64  0.99628543620422949     
          23          65  0.98164207098143930     
          64          65   1.0068908971577408     
          21          66  0.17971373942212457     
          22          66   1.7474586638827085     
          15          67   1.2084093043188036     
          12          68   1.1571775749663402     
          67          68   1.2465899350507785     
          68          69   1.3286248703215340     
          69          70   1.5092931530587999     
          58          71   1.0603258049947515     
          70          71   1.3058990161689101     
          67          72   1.3216178659000819     
          69          72  0.10346537616176722     
          71          72   1.4412827194348932     
          36          73  0.89780428871441942     
           1          74  0.98294601457367803     
           1          75  0.98498646773482623     
           1          76  0.98358327543545154     
           2          77  0.95257608850372399     
           4          78  0.97848850459735970     
           4          79  0.97657810679108448     
           4          80  0.97546945213824876     
           7          81  0.96319792603916898     
           8          82  0.96946447160900340     
           9          83  0.96623540468165514     
          13          84  0.96866064125643725     
          13          85  0.96969608862803502     
          14          86  0.98587087106488758     
          14          87  0.98595203069108894     
          14          88  0.98509041434039435     
          16          89  0.96679126958365780     
          16          90  0.96716482982888197     
          18          91  0.98418661356914827     
          18          92  0.98495354521982514     
          18          93  0.98516593374926265     
          19          94  0.98194501043228699     
          19          95  0.98498726873144793     
          19          96  0.98348690131114802     
          20          97  0.96226052236051363     
          20          98  0.96656454592605257     
          23          99  0.93000017020051418     
          24         100  0.90888659287648232     
          27         101  0.94000071435779764     
          28         102  0.91777137255427466     
          30         103  0.94998674997317090     
          31         104  0.96371528491909919     
          32         105  0.98415876269175318     
          32         106  0.98649219099294383     
          32         107  0.98516752353118664     
          33         108  0.98552083821516945     
          33         109  0.98576385443489256     
          33         110  0.98413863314002237     
          37         111  0.97132201397611628     
          37         112  0.97337878619323204     
          38         113  0.96603072068893880     
          38         114  0.96308657077746318     
          45         115  0.97247748826926739     
          45         116  0.98081977244336016     
          45         117  0.97736319884093026     
          46         118  0.98023055630873523     
          46         119  0.97221764490421059     
          46         120  0.97952053579631393     
          47         121  0.98524160458119503     
          47         122  0.98595297367544332     
          47         123  0.98192445873662326     
          48         124  0.98022976621066049     
          48         125  0.98417224127415637     
          48         126  0.98463802500534325     
          50         127  0.96509575697917804     
          50         128  0.96280326725780385     
          51         129  0.97075814083959477     
          51         130  0.97038726077527970     
          53         131  0.96851486870384806     
          53         132  0.97155887532792096     
          53         133  0.97229908024490319     
          55         134  0.96810902307454993     
          55         135  0.97167614137656633     
          56         136  0.95593776071719705     
          57         137  0.97172027174339837     
          57         138  0.95419060739503025     
          59         139  0.96974749657735004     
          59         140  0.96429905463834276     
          60         141  0.96605890808510675     
          60         142  0.96563318800874964     
          63         143  0.96612715507999092     
          63         144  0.96960564891174650     
          64         145  0.97756929103037749     
          64         146  0.97455398981145636     
          65         147  0.97589671799833877     
          65         148  0.97365623660175293     
          69         149  0.96648068383158747     
          70         150  0.96725199970524078     
          72         151  0.96244021679493374     
