   -0.11583014
    0.11610237
   -0.31422775
    0.04350374
    0.08755253
   -0.21332338
    0.05676241
   -0.04317810
   -0.01856283
   -0.00229164
    0.01868838
   -0.04538645
    0.00371231
   -0.10995502
   -0.03868142
   -0.07031434
    0.02304825
   -0.11315812
   -0.11282997
    0.07583263
   -0.25114280
    0.35084994
    0.02839406
   -0.19622606
   -0.02129132
    0.24213871
    0.02818792
   -0.16466391
    0.27082614
    0.00311491
   -0.01224183
   -0.10988293
   -0.11106232
   -0.07961923
    0.25088935
    0.15475908
   -0.06400733
    0.00254305
   -0.09279341
    0.29028887
   -0.07359406
   -0.01427107
    0.10109676
   -0.17140742
   -0.03256501
   -0.03077874
   -0.10814391
   -0.10531397
   -0.44167339
   -0.00080100
   -0.06805071
   -0.46249254
   -0.04809782
   -0.44456788
   -0.06800825
    0.11255568
    0.00842950
   -0.15534158
    0.00542090
    0.07701953
   -0.32212537
   -0.43665196
   -0.01075794
   -0.06182216
   -0.06455307
   -0.41046713
   -0.02450025
    0.02553405
   -0.05209352
   -0.05653183
    0.05321349
   -0.06294852
   -0.27092348
    0.04070817
    0.07063960
    0.03580910
    0.01469138
    0.02663926
    0.05704430
    0.03178135
    0.04255538
    0.03831851
    0.03768017
    0.04503437
    0.05042283
    0.04934058
    0.04123877
    0.04521529
    0.06054020
    0.04277002
    0.04673422
    0.03939001
    0.04485881
    0.03750621
    0.04637384
    0.03815171
    0.06001504
    0.04821097
    0.02764726
    0.19498850
    0.07078824
    0.19975194
    0.08064353
    0.05225810
    0.03501194
    0.04415177
    0.04175696
    0.04575202
    0.04584945
    0.03939837
    0.04862178
    0.06074245
    0.05065719
    0.08174716
    0.01159679
    0.04932159
    0.03796883
    0.03870707
    0.03968322
    0.01062637
    0.04356578
    0.05250311
    0.03775267
    0.04074909
    0.03911025
    0.03561288
    0.05274404
    0.05740515
    0.07486438
    0.05966582
    0.05793418
    0.06767754
    0.07814704
    0.06986531
    0.05016321
    0.02381661
    0.03208772
    0.02455490
    0.04387139
    0.03044944
    0.02329144
    0.06019571
    0.07967921
    0.06536953
    0.04118084
    0.04834525
    0.05796185
    0.04914014
    0.02410100
    0.02875244
    0.01878980
