           1           2  0.99521116013226252     
           2           3  0.96290467186508943     
           3           4  0.99659401448119589     
           2           5  0.97585093462759664     
           5           6   1.4259696614504926     
           6           7   1.4428148334299957     
           5           8  0.11016213368832098     
           7           8   1.4171467470254817     
           8           9   1.4482390329600163     
           5          10   1.3593636698188816     
           7          10  0.11109893645163472     
           9          10   1.3972449812261254     
          10          11   1.0235860883998784     
          11          12   1.1571398170752190     
          12          13  0.99584846267692151     
          13          14   1.0047698698613541     
          11          15   1.5147300456030544     
          15          16   1.0196355816692158     
          16          17  0.96480746149274466     
          17          18  0.99768805911007075     
          17          19  0.99810734455276529     
          17          20  0.98181608743696869     
          20          21  0.92588526551381012     
          21          22   1.1641153309827204     
          22          23  0.94280155075244299     
          23          24  0.99600270547321124     
          24          25   1.0070840594712660     
          25          26   1.2507197768430196     
          26          27  0.92115032670792507     
          27          28  0.98053120446685782     
          28          29   1.2884645540320603     
          29          30  0.92884370770969704     
          30          31  0.97718682639049426     
          31          32   1.0087636632053087     
          31          33   1.0058498166135974     
          30          34  0.95586393150563265     
          34          35   1.2899906927273090     
          35          36  0.92728784624474758     
          36          37  0.96881738418429830     
          37          38  0.99383077166210332     
          38          39  0.99270941757499442     
          39          40   1.2180716945780732     
          40          41   1.0230316248623796     
          41          42   2.7589053721377379     
          42          43   1.0188204831469760     
          43          44  0.97285374219393117     
          44          45   1.0146644967558358     
          44          46   1.0175082415345369     
          43          47  0.97416697150214215     
          43          48  0.96013078237745819     
          39          49  0.19603848228263746     
          40          49   1.6378180879958186     
          39          50  0.99663492930816167     
          36          51  0.98220899949851370     
          50          51  0.99547065184985872     
          34          52  0.19899351875081711     
          35          52   1.6320402745633502     
          34          53  0.99166013227896455     
          28          54  0.20170433361457671     
          29          54   1.6541054753184374     
          27          55  0.98938910326681351     
          55          56  0.99021183676700308     
          56          57  0.97905248248055865     
          57          58   1.0040569306145044     
          58          59  0.98825355521327207     
          59          60  0.99500786867893942     
          56          61  0.97633452874676685     
          60          61  0.98379786276321368     
          25          62  0.20205279118247607     
          26          62   1.6696882512932907     
          25          63  0.97471584042199577     
          63          64  0.99624345911045065     
          23          65  0.98574216859993857     
          64          65   1.0066643969000992     
          21          66  0.18033457076719486     
          22          66   1.7405727603379444     
          15          67   1.2106619401233132     
          12          68   1.1577478149900409     
          67          68   1.2463441962709216     
          68          69   1.3280584142843814     
          69          70   1.5106462624427339     
          58          71   1.0639251737760627     
          70          71   1.3037848082932328     
          67          72   1.3210056832123060     
          69          72  0.10345839319068822     
          71          72   1.4401830463571903     
          36          73  0.90404399315425099     
           1          74  0.98342199920694640     
           1          75  0.98233536436097069     
           1          76  0.98433671166827752     
           2          77  0.95415155379142769     
           4          78  0.97578785144295721     
           4          79  0.97869016501098460     
           4          80  0.97650036428963405     
           7          81  0.96317084439549516     
           8          82  0.96938979403435743     
           9          83  0.96798263055725964     
          13          84  0.96802810817181117     
          13          85  0.96872433346568809     
          14          86  0.98640319533839926     
          14          87  0.98535393189575760     
          14          88  0.98497855171609905     
          16          89  0.96293390137136392     
          16          90  0.96818798768512149     
          18          91  0.98428364994819728     
          18          92  0.98488787028395752     
          18          93  0.98490168051818716     
          19          94  0.98377833517306768     
          19          95  0.98237393209760815     
          19          96  0.98492692092589229     
          20          97  0.96282296966167868     
          20          98  0.96609647865152148     
          23          99  0.92847042363772103     
          24         100  0.90801031978812830     
          27         101  0.93932658102360655     
          28         102  0.92405765282956920     
          30         103  0.94593527789720222     
          31         104  0.96055973496780567     
          32         105  0.98552198199131558     
          32         106  0.98525077848736842     
          32         107  0.98610435220623749     
          33         108  0.98529667833103252     
          33         109  0.98475981954686731     
          33         110  0.98616121906781595     
          37         111  0.97217040510025576     
          37         112  0.97311460853266840     
          38         113  0.96585089737906415     
          38         114  0.96287427685184113     
          45         115  0.97325503700136728     
          45         116  0.97668235925990721     
          45         117  0.98098753206656786     
          46         118  0.98032599914113594     
          46         119  0.97968149125211657     
          46         120  0.97193427259755771     
          47         121  0.98076889486728325     
          47         122  0.98526874824880351     
          47         123  0.98518753941277826     
          48         124  0.98492036925332760     
          48         125  0.98119493473815445     
          48         126  0.98588214314430678     
          50         127  0.96504114292700716     
          50         128  0.96257363450882694     
          51         129  0.96929913705612647     
          51         130  0.97101846643927181     
          53         131  0.97567705654492509     
          53         132  0.97281820133016061     
          53         133  0.97378371630989058     
          55         134  0.96825572639283253     
          55         135  0.97151891912254384     
          56         136  0.95593895778007454     
          57         137  0.97133819046602055     
          57         138  0.95378430690030047     
          59         139  0.96917045035864080     
          59         140  0.96407852831755836     
          60         141  0.96589540133171992     
          60         142  0.96508968372205439     
          63         143  0.96626456401372329     
          63         144  0.96963389850269710     
          64         145  0.97762665007806671     
          64         146  0.97472273085285699     
          65         147  0.97566798155826218     
          65         148  0.97377686020101217     
          69         149  0.96615219835752619     
          70         150  0.96686524593157164     
          72         151  0.96246240086679835     
