   -0.11788926
    0.11627861
   -0.31607855
    0.04515889
    0.08765738
   -0.21986594
    0.05639239
   -0.04348309
   -0.01750011
    0.00130908
    0.02043908
   -0.04532774
    0.00772195
   -0.11033300
   -0.03485002
   -0.07383162
    0.02125310
   -0.10932845
   -0.11518587
    0.06864235
   -0.24766780
    0.35497581
    0.01943406
   -0.18249321
   -0.01808473
    0.23960874
    0.02230492
   -0.17532594
    0.27073103
    0.00152919
   -0.01180731
   -0.11021264
   -0.11380469
   -0.07220165
    0.24680668
    0.15274578
   -0.06486177
   -0.00083433
   -0.09636499
    0.28904214
   -0.07575494
   -0.02742120
    0.10250863
   -0.17225539
   -0.03243798
   -0.03416822
   -0.10915019
   -0.10849936
   -0.44485795
    0.00359174
   -0.06347451
   -0.46224847
   -0.04860607
   -0.44248691
   -0.07403876
    0.10961204
    0.00258542
   -0.16515924
    0.00007190
    0.08182145
   -0.33206286
   -0.45349789
   -0.01054651
   -0.06234394
   -0.06381854
   -0.41045340
   -0.02132412
    0.03169834
   -0.05064823
   -0.05353627
    0.05327517
   -0.05720405
   -0.26650654
    0.06654240
    0.04758927
    0.04007862
    0.01725229
    0.05644797
    0.02929676
    0.02814742
    0.04218458
    0.03820460
    0.03697300
    0.04689092
    0.03802061
    0.04371997
    0.05658151
    0.04259753
    0.05959052
    0.04695963
    0.03980807
    0.04141858
    0.04622929
    0.03446397
    0.03694321
    0.04744566
    0.06551631
    0.04566543
    0.05093364
    0.16357241
    0.06879612
    0.20225304
    0.08273815
    0.04136812
    0.04534599
    0.03843285
    0.04487893
    0.04503895
    0.04788178
    0.04042253
    0.07048075
    0.05488849
    0.05670207
    0.05645364
    0.03927039
    0.01429683
    0.04000672
    0.03834494
    0.04199749
    0.02145742
    0.05300321
    0.03879304
    0.04127283
    0.05173454
    0.04202952
    0.04702347
    0.07989315
    0.05122972
    0.04643845
    0.05785913
    0.07524470
    0.05507990
    0.07845340
    0.05422221
    0.04880832
    0.03186897
    0.06123430
    0.03392126
    0.04368465
    0.03099926
    0.04318123
    0.01691044
    0.08360058
    0.06318057
    0.04527980
    0.05079027
    0.05406258
    0.05673556
    0.02565304
    0.03796095
    0.03236001
