           1           2   1.0005538332606205     
           2           3  0.96292101631398830     
           3           4  0.99714254186210349     
           2           5  0.97607886604391414     
           5           6   1.4309692708243580     
           6           7   1.4338657706327609     
           5           8  0.11067366375675625     
           7           8   1.4268628677971176     
           8           9   1.4362448270301926     
           5          10   1.3525187197656239     
           7          10  0.11361492119137429     
           9          10   1.4101831826610731     
          10          11   1.0130705891617724     
          11          12   1.1546014432658709     
          12          13  0.99565722079366559     
          13          14   1.0049485139021184     
          11          15   1.5252317889456881     
          15          16   1.0194590739430549     
          16          17  0.96539463815584348     
          17          18  0.99947298656304062     
          17          19  0.99819028738144178     
          17          20  0.97629394408879622     
          20          21  0.92627288943814912     
          21          22   1.1699781211121858     
          22          23  0.93942839846595183     
          23          24  0.99154583069611968     
          24          25   1.0046363839104799     
          25          26   1.2673763388005697     
          26          27  0.93803931318129707     
          27          28  0.99506758123423877     
          28          29   1.2693171201157936     
          29          30  0.93341762245946980     
          30          31  0.96242562649774610     
          31          32   1.0077149075996303     
          31          33   1.0070084386297613     
          30          34  0.96868979804193500     
          34          35   1.2908834536281328     
          35          36  0.92515558823124322     
          36          37  0.98187169634319349     
          37          38  0.99472093552618923     
          38          39  0.99665550868095409     
          39          40   1.2140335361410528     
          40          41   1.0246893869735878     
          41          42   2.7555822139844235     
          42          43   1.0125458915917434     
          43          44  0.96333121092233642     
          44          45   1.0145962887453270     
          44          46   1.0126893318881989     
          43          47  0.97626393246580445     
          43          48  0.97518039041878068     
          39          49  0.19453562075912026     
          40          49   1.6378267457954316     
          39          50  0.99316882171928378     
          36          51  0.96992321054093755     
          50          51  0.99292061989968572     
          34          52  0.20228940278553592     
          35          52   1.6351212011144665     
          34          53  0.99229439548392562     
          28          54  0.19979160359929715     
          29          54   1.6731773556954987     
          27          55  0.96215037745557785     
          55          56  0.98388089731805040     
          56          57  0.97581357168607219     
          57          58  0.99383201877364136     
          58          59   1.0056602650211899     
          59          60  0.97943407656288040     
          56          61  0.96673145334412403     
          60          61  0.98562861864504270     
          25          62  0.20067063111693600     
          26          62   1.6341780965040951     
          25          63  0.97387819804697850     
          63          64  0.99816815863841102     
          23          65  0.98170230961849325     
          64          65   1.0070636088931240     
          21          66  0.18166522434426779     
          22          66   1.7403121041207050     
          15          67   1.2035424563938579     
          12          68   1.1601532452040220     
          67          68   1.2473492946623757     
          68          69   1.3306793904173400     
          69          70   1.5043916494665002     
          58          71   1.0262986524859494     
          70          71   1.3205982508328964     
          67          72   1.3264417654604228     
          69          72  0.10648746458034140     
          71          72   1.4565828480603067     
          36          73  0.90894814453056860     
           1          74  0.98361944945559066     
           1          75  0.98433722302239657     
           1          76  0.98369398974083500     
           2          77  0.94980281896726759     
           4          78  0.97855116798341968     
           4          79  0.97678541654381057     
           4          80  0.97549389725058244     
           7          81  0.96324208000654599     
           8          82  0.96949064071577518     
           9          83  0.96658675296601748     
          13          84  0.96891339152060973     
          13          85  0.96968081931594219     
          14          86  0.98603387641620577     
          14          87  0.98521271392368170     
          14          88  0.98523296733069066     
          16          89  0.96004193032131058     
          16          90  0.97018065381149521     
          18          91  0.98490105888286950     
          18          92  0.98554762014704833     
          18          93  0.98367173319194989     
          19          94  0.98447833800968421     
          19          95  0.97762230388575133     
          19          96  0.98359959971323285     
          20          97  0.95733814329787126     
          20          98  0.96513169535870258     
          23          99  0.93384266022740192     
          24         100  0.93092504382398356     
          27         101  0.94221392876143661     
          28         102  0.92026034411337476     
          30         103  0.94649985926242719     
          31         104  0.96241078816254277     
          32         105  0.98585540905206015     
          32         106  0.98529882173057370     
          32         107  0.98451360837701229     
          33         108  0.98534771238724028     
          33         109  0.98451530729148962     
          33         110  0.98452770586332672     
          37         111  0.97021500875476929     
          37         112  0.97268604631907840     
          38         113  0.96311242454533230     
          38         114  0.96530500489317128     
          45         115  0.98091142813683507     
          45         116  0.97477206465739608     
          45         117  0.97954754056463667     
          46         118  0.98108005132496467     
          46         119  0.97997152217481398     
          46         120  0.97518897814128136     
          47         121  0.98312752809253745     
          47         122  0.98364912242390334     
          47         123  0.98444320668544183     
          48         124  0.98251497253113207     
          48         125  0.98421784524763845     
          48         126  0.98347309490045531     
          50         127  0.96352741340123405     
          50         128  0.96650175517290449     
          51         129  0.97037084159696940     
          51         130  0.97334925603456446     
          53         131  0.97371019643783741     
          53         132  0.97378351903513438     
          53         133  0.97082108958553470     
          55         134  0.97117142700636971     
          55         135  0.96913179601596799     
          56         136  0.95644515328784574     
          57         137  0.96697333727048340     
          57         138  0.96974718205122246     
          59         139  0.97444900299541382     
          59         140  0.97064579609969304     
          60         141  0.97216032278940789     
          60         142  0.97158484039278692     
          63         143  0.96468174053884392     
          63         144  0.96719324620986735     
          64         145  0.97683527111763901     
          64         146  0.97375347288882907     
          65         147  0.97594624072492409     
          65         148  0.97353316808988033     
          69         149  0.96641323768339649     
          70         150  0.96863867894030464     
          72         151  0.96038533625341294     
