   -0.11788650
    0.11593555
   -0.31479421
    0.04474531
    0.08721816
   -0.21672927
    0.05677620
   -0.04326537
   -0.01706099
   -0.00085607
    0.01996578
   -0.04628764
    0.00636232
   -0.11030269
   -0.03703781
   -0.06835910
    0.02274996
   -0.11311616
   -0.11303873
    0.07582555
   -0.25086683
    0.35095827
    0.02855722
   -0.19804108
   -0.02202927
    0.24200258
    0.02759835
   -0.16746480
    0.27085852
    0.00385390
   -0.01198779
   -0.11018707
   -0.11128551
   -0.08002454
    0.25131806
    0.15558463
   -0.06369398
    0.00251075
   -0.09403678
    0.28992752
   -0.07074551
   -0.01629824
    0.10138733
   -0.17731060
   -0.03070872
   -0.03077701
   -0.10579137
   -0.10757681
   -0.44131590
   -0.00366469
   -0.06791982
   -0.46678979
   -0.04826164
   -0.44424241
   -0.06867698
    0.11256386
    0.00841170
   -0.15679721
    0.00561935
    0.07766817
   -0.32347286
   -0.43672567
   -0.01053239
   -0.06173408
   -0.06462680
   -0.41095817
   -0.02507272
    0.02493641
   -0.05266901
   -0.05683602
    0.05271433
   -0.06287005
   -0.27037647
    0.04050067
    0.06999256
    0.04245502
    0.01454215
    0.02700995
    0.05693922
    0.03009067
    0.04273566
    0.03864567
    0.03965490
    0.04763536
    0.04153756
    0.05052711
    0.04484653
    0.04386876
    0.05706296
    0.04468382
    0.04734911
    0.03945812
    0.04297203
    0.03800397
    0.04707739
    0.03763747
    0.06043131
    0.04807923
    0.02788435
    0.19619762
    0.07118705
    0.20303345
    0.07984022
    0.05210740
    0.03575240
    0.04398455
    0.04121679
    0.04564666
    0.04761339
    0.03859303
    0.04859384
    0.06073619
    0.05086249
    0.08139075
    0.03834410
    0.03555097
    0.01614025
    0.04167962
    0.01193380
    0.03744125
    0.04230171
    0.03929905
    0.03706854
    0.04766349
    0.04472055
    0.04911737
    0.05480742
    0.06238583
    0.07131595
    0.06129052
    0.05922066
    0.06844854
    0.07716695
    0.07000301
    0.05148408
    0.02363432
    0.03134968
    0.02568786
    0.04348810
    0.03048631
    0.02403214
    0.05867867
    0.07935491
    0.06498295
    0.04115208
    0.04810786
    0.05794051
    0.04881983
    0.02407411
    0.02898383
    0.01851912
