           1           2  0.99932692740337759     
           2           3  0.96236344196855106     
           3           4  0.99734083529110684     
           2           5  0.97504308297837128     
           5           6   1.4307948951101748     
           6           7   1.4363165202113186     
           5           8  0.11110912025423511     
           7           8   1.4246231185156895     
           8           9   1.4404564344951418     
           5          10   1.3546117986807653     
           7          10  0.11294493833912857     
           9          10   1.4105627697491199     
          10          11   1.0144802306318379     
          11          12   1.1587055836751943     
          12          13  0.99586139429299092     
          13          14   1.0053342595648642     
          11          15   1.5224693067701509     
          15          16   1.0188194971264073     
          16          17  0.96550956405952681     
          17          18  0.99764202525612244     
          17          19  0.99823142385887542     
          17          20  0.98172823526158481     
          20          21  0.92604144162389024     
          21          22   1.1643756154348102     
          22          23  0.94289390048948440     
          23          24  0.99555090034912719     
          24          25   1.0068497145409407     
          25          26   1.2504300458270212     
          26          27  0.92121264090862587     
          27          28  0.98063241432884851     
          28          29   1.2898029301341922     
          29          30  0.92839327165414431     
          30          31  0.97884160014929933     
          31          32   1.0086222327266969     
          31          33   1.0056266787449055     
          30          34  0.95458589705431218     
          34          35   1.2925822927830894     
          35          36  0.92968558893316477     
          36          37  0.96758417388949047     
          37          38  0.99332387759044771     
          38          39  0.99313006456759390     
          39          40   1.2148975028655333     
          40          41   1.0249095722447215     
          41          42   2.7607045654067317     
          42          43   1.0185126121866117     
          43          44  0.96869541044536767     
          44          45   1.0155374680496405     
          44          46   1.0168839670040808     
          43          47  0.96515626898579554     
          43          48  0.97195245956978094     
          39          49  0.19610479327791625     
          40          49   1.6398808969916476     
          39          50  0.99592297379770356     
          36          51  0.98100940525817615     
          50          51  0.99534533828119343     
          34          52  0.19677238273086811     
          35          52   1.6247634069396286     
          34          53  0.99084504037896237     
          28          54  0.20170152428577337     
          29          54   1.6525495606006373     
          27          55  0.98921157255102332     
          55          56  0.99064606206715355     
          56          57  0.97905933912601317     
          57          58   1.0040068107710711     
          58          59  0.98842114662894853     
          59          60  0.99482897502128886     
          56          61  0.97535972864678466     
          60          61  0.98356518742489030     
          25          62  0.20187687328379098     
          26          62   1.6697684110690747     
          25          63  0.97483935252109577     
          63          64  0.99628095690101182     
          23          65  0.98645214756157462     
          64          65   1.0066571413267238     
          21          66  0.18027679086198331     
          22          66   1.7394389256301721     
          15          67   1.2086661893946320     
          12          68   1.1573696765064849     
          67          68   1.2462751130098002     
          68          69   1.3287627461453080     
          69          70   1.5092680169011083     
          58          71   1.0608992208621355     
          70          71   1.3059481309867098     
          67          72   1.3220324881205112     
          69          72  0.10353231581841280     
          71          72   1.4407082532981921     
          36          73  0.90524322963720671     
           1          74  0.98350012282960264     
           1          75  0.98282536295219058     
           1          76  0.98503468896906465     
           2          77  0.95295162319597959     
           4          78  0.97558665908142106     
           4          79  0.97851657152439397     
           4          80  0.97653875997938211     
           7          81  0.96318609100531671     
           8          82  0.96944289242492010     
           9          83  0.96612357251279324     
          13          84  0.96858675075559897     
          13          85  0.96969640975083538     
          14          86  0.98589220260471921     
          14          87  0.98508571939169420     
          14          88  0.98569883561371707     
          16          89  0.96588510563417984     
          16          90  0.96744793024090148     
          18          91  0.98426655617997194     
          18          92  0.98490340398077703     
          18          93  0.98508997319627012     
          19          94  0.98355282144939860     
          19          95  0.98150815542807190     
          19          96  0.98494414144038012     
          20          97  0.96266752163265534     
          20          98  0.96604795221391548     
          23          99  0.92799997476950147     
          24         100  0.90541008100557241     
          27         101  0.93897096305584304     
          28         102  0.91953802417351338     
          30         103  0.94607741329708206     
          31         104  0.96013929978490853     
          32         105  0.98537852201590415     
          32         106  0.98535629263327063     
          32         107  0.98612434986368114     
          33         108  0.98530043279290580     
          33         109  0.98463351187935721     
          33         110  0.98626064404287783     
          37         111  0.97284347553313577     
          37         112  0.97321780721102968     
          38         113  0.96615470644839596     
          38         114  0.96300842667282305     
          45         115  0.97778792736977738     
          45         116  0.98109699020790631     
          45         117  0.97351440226915642     
          46         118  0.97980974173361413     
          46         119  0.97210817880482991     
          46         120  0.98075354707238327     
          47         121  0.98503446053187349     
          47         122  0.98505471608815676     
          47         123  0.98187441557866573     
          48         124  0.98388685138528853     
          48         125  0.98045817707138261     
          48         126  0.98522591252259883     
          50         127  0.96516608351010980     
          50         128  0.96196520932524510     
          51         129  0.96962734478167412     
          51         130  0.97027532836538444     
          53         131  0.97582309270193468     
          53         132  0.97288641925773633     
          53         133  0.97351642903081215     
          55         134  0.96803689232663515     
          55         135  0.97142598361724586     
          56         136  0.95588983179524711     
          57         137  0.97154488000186312     
          57         138  0.95331649101470783     
          59         139  0.96962670535075535     
          59         140  0.96396164749055369     
          60         141  0.96576126375093385     
          60         142  0.96548115910026300     
          63         143  0.96632336375559613     
          63         144  0.96968942932645219     
          64         145  0.97756504798321209     
          64         146  0.97477112235744856     
          65         147  0.97560414427914588     
          65         148  0.97382038662000803     
          69         149  0.96642566862795454     
          70         150  0.96722587707870766     
          72         151  0.96235359424390998     
