   -0.11502454
    0.11221065
   -0.32049432
    0.04333391
    0.08893549
   -0.23224121
    0.05781907
   -0.04363778
   -0.01758728
    0.00552438
    0.02570406
   -0.02115034
    0.00182241
   -0.11015913
   -0.04655186
   -0.07106031
    0.02028057
   -0.10869972
   -0.11460346
    0.06743707
   -0.24819988
    0.35311840
    0.02071444
   -0.18417182
   -0.02209242
    0.24270212
    0.02056972
   -0.16524533
    0.27078181
    0.00663505
   -0.01417184
   -0.10987513
   -0.11157319
   -0.07410951
    0.24699435
    0.15261715
   -0.06469007
    0.00392418
   -0.09933435
    0.28950280
   -0.07609616
   -0.02669111
    0.10235089
   -0.17142370
   -0.03246126
   -0.03393792
   -0.10891697
   -0.10897070
   -0.44627005
    0.00000042
   -0.06363942
   -0.47014087
   -0.05614863
   -0.44872950
   -0.07330963
    0.11047681
    0.00710767
   -0.17669723
   -0.00126507
    0.08224562
   -0.33014893
   -0.44372887
   -0.01083061
   -0.06243544
   -0.06373809
   -0.41099782
   -0.02193664
    0.03346250
   -0.04897852
   -0.05213227
    0.05279528
   -0.05647693
   -0.26867880
    0.05788453
    0.04149464
    0.04312912
    0.03506582
    0.03322885
    0.02759662
    0.05460933
    0.04183729
    0.03820676
    0.03847353
    0.05128876
    0.05488237
    0.04064294
    0.05394620
    0.04200636
    0.03892954
    0.05054587
    0.04173952
    0.04075593
    0.04761560
    0.03669098
    0.03574796
    0.04275706
    0.06861643
    0.04563636
    0.04592521
    0.16607580
    0.07316227
    0.19802567
    0.07384375
    0.05282730
    0.04140604
    0.04017480
    0.04325623
    0.04128589
    0.04761886
    0.04165718
    0.05650403
    0.05653540
    0.08036249
    0.05169478
    0.04035797
    0.04064563
    0.01200526
    0.03881132
    0.01863478
    0.04318754
    0.05137071
    0.04713881
    0.04328727
    0.05334726
    0.04294745
    0.03795361
    0.05577029
    0.05698292
    0.05507665
    0.06728530
    0.09055170
    0.06160484
    0.06613579
    0.05611433
    0.04734163
    0.02945362
    0.04598517
    0.03141918
    0.04540919
    0.04045654
    0.04593756
    0.01804454
    0.08273591
    0.06386655
    0.04449942
    0.05035187
    0.05530171
    0.05501045
    0.02645127
    0.02997988
    0.03524988
