           1           2  0.98294515134273464     
           2           3  0.96896860584209044     
           3           4  0.99575981636334743     
           2           5  0.98214191970409215     
           5           6   1.4210908159890607     
           6           7   1.4387453383653588     
           5           8  0.10950126453075165     
           7           8   1.4225530979422416     
           8           9   1.4403069754160678     
           5          10   1.3585395795524764     
           7          10  0.11262115332199671     
           9          10   1.4040248642922055     
          10          11   1.0125507038957675     
          11          12   1.1738489325342747     
          12          13  0.99427481661712713     
          13          14   1.0049479430363488     
          11          15   1.5109441212537904     
          15          16   1.0189454414072103     
          16          17  0.96338330265205929     
          17          18  0.99992098496904569     
          17          19  0.99931361664411555     
          17          20  0.97588884788878338     
          20          21  0.92755611195447374     
          21          22   1.1685998084839353     
          22          23  0.94193872946212731     
          23          24  0.99363361218460911     
          24          25   1.0057666568227159     
          25          26   1.2538561462418079     
          26          27  0.93390214700888130     
          27          28  0.99248252881270749     
          28          29   1.2801972271611852     
          29          30  0.93147824215879416     
          30          31  0.97150325457861386     
          31          32   1.0084863854072283     
          31          33   1.0063420560679801     
          30          34  0.95873628957642143     
          34          35   1.2952809822780760     
          35          36  0.92563711441999796     
          36          37  0.97119665418937318     
          37          38  0.99279178331000795     
          38          39  0.99145286726853499     
          39          40   1.2107474560081235     
          40          41   1.0259465382856086     
          41          42   2.7548298987070035     
          42          43   1.0126450135993419     
          43          44  0.96172122672370608     
          44          45   1.0151496483233220     
          44          46   1.0131466146200956     
          43          47  0.97653684514483685     
          43          48  0.97610062488999561     
          39          49  0.19274033513686786     
          40          49   1.6391659725787702     
          39          50  0.99635357571754612     
          36          51  0.97971974282999219     
          50          51  0.99332022375343432     
          34          52  0.20100620783333095     
          35          52   1.6271269612145192     
          34          53  0.99196514501356248     
          28          54  0.19962921134560274     
          29          54   1.6563180519471614     
          27          55  0.96548659436619433     
          55          56  0.98299594811572677     
          56          57  0.97451140293443228     
          57          58  0.99619034965344611     
          58          59   1.0000970456817224     
          59          60  0.98404157219622190     
          56          61  0.97042409953990982     
          60          61  0.98249697874439046     
          25          62  0.20159428491559481     
          26          62   1.6530625347009940     
          25          63  0.97467372596221402     
          63          64  0.99736304746866766     
          23          65  0.98056146500905672     
          64          65   1.0067431280729275     
          21          66  0.18142990707264081     
          22          66   1.7384623218617443     
          15          67   1.2063901673564053     
          12          68   1.1705643700387713     
          67          68   1.2429905156350616     
          68          69   1.3297346955097549     
          69          70   1.5028292458090844     
          58          71   1.0139765193293635     
          70          71   1.3261019844669242     
          67          72   1.3274998428055389     
          69          72  0.10769864658808412     
          71          72   1.4609924463351152     
          36          73  0.90737206067869058     
           1          74  0.97962844491656254     
           1          75  0.98490455229944529     
           1          76  0.98428033801863779     
           2          77  0.95561394210824235     
           4          78  0.97703616679555527     
           4          79  0.97652997798598817     
           4          80  0.97932549689784998     
           7          81  0.96325854839109337     
           8          82  0.96936500536590575     
           9          83  0.96632557011757458     
          13          84  0.96835485986944692     
          13          85  0.96726931120227033     
          14          86  0.98617567015323537     
          14          87  0.98551718045281955     
          14          88  0.98541412745398183     
          16          89  0.96361180649134859     
          16          90  0.96979007320560540     
          18          91  0.98465408810121469     
          18          92  0.98531004520831655     
          18          93  0.98354437714684728     
          19          94  0.98436683155311955     
          19          95  0.97781385838387846     
          19          96  0.98399109736212509     
          20          97  0.95528532407860678     
          20          98  0.96561828460398191     
          23          99  0.93068437117942349     
          24         100  0.92868279165063405     
          27         101  0.93962162058902732     
          28         102  0.92727429273812367     
          30         103  0.95215112100597787     
          31         104  0.96364387647270899     
          32         105  0.98589294861124666     
          32         106  0.98427978947424966     
          32         107  0.98523314256475258     
          33         108  0.98607495608343032     
          33         109  0.98502718028402259     
          33         110  0.98396498548887590     
          37         111  0.96759925320535323     
          37         112  0.96696910819102788     
          38         113  0.96362262920921682     
          38         114  0.96750945618938156     
          45         115  0.98071459845110409     
          45         116  0.97940231445291970     
          45         117  0.97439073497731155     
          46         118  0.98099891901300129     
          46         119  0.97522615227638332     
          46         120  0.97982435578301696     
          47         121  0.98271682976261543     
          47         122  0.98346692718575668     
          47         123  0.98402584534614879     
          48         124  0.98299138345795789     
          48         125  0.98426224717719246     
          48         126  0.98349706806172010     
          50         127  0.96352689428982063     
          50         128  0.96668482795083832     
          51         129  0.97275193694497808     
          51         130  0.97039920085358711     
          53         131  0.96292403286875283     
          53         132  0.97175012512928216     
          53         133  0.97393692290900824     
          55         134  0.96972282288814304     
          55         135  0.96744005916524523     
          56         136  0.95777598167944811     
          57         137  0.96960592566890613     
          57         138  0.96588318228539560     
          59         139  0.97421950622123854     
          59         140  0.96786295964057067     
          60         141  0.97152323174564725     
          60         142  0.97092121635020567     
          63         143  0.96517289289188479     
          63         144  0.96787367616966768     
          64         145  0.97709659853711439     
          64         146  0.97398377710298290     
          65         147  0.97599434152672104     
          65         148  0.97386046900725121     
          69         149  0.96625744241049427     
          70         150  0.96936652673361290     
          72         151  0.95982102785310297     
