   -0.11776515
    0.11576988
   -0.31459047
    0.04447341
    0.08732233
   -0.21573439
    0.05682177
   -0.04325861
   -0.01685612
   -0.00148322
    0.01946708
   -0.04592428
    0.00625247
   -0.11025505
   -0.03782346
   -0.06866170
    0.02279869
   -0.11299717
   -0.11295385
    0.07601847
   -0.25137999
    0.35078420
    0.02837373
   -0.19754302
   -0.02079380
    0.24200074
    0.02790928
   -0.16381548
    0.27089209
    0.00330892
   -0.01242020
   -0.10950876
   -0.11098630
   -0.07969064
    0.25095353
    0.15443581
   -0.06358372
    0.00259816
   -0.09438457
    0.29004927
   -0.07089422
   -0.01605996
    0.10140404
   -0.17703397
   -0.03062551
   -0.03077786
   -0.10752929
   -0.10577840
   -0.44131451
   -0.00359354
   -0.06717632
   -0.46239314
   -0.04846153
   -0.44419982
   -0.06801306
    0.11223110
    0.00880412
   -0.15669425
    0.00579319
    0.07677760
   -0.32200987
   -0.43737269
   -0.01076157
   -0.06180036
   -0.06450677
   -0.41042394
   -0.02503762
    0.02502389
   -0.05253927
   -0.05677004
    0.05273361
   -0.06312588
   -0.27067123
    0.04065511
    0.07057977
    0.04097285
    0.01442145
    0.02700771
    0.05705508
    0.03034915
    0.04280621
    0.03869539
    0.03938193
    0.04751517
    0.04187661
    0.05066918
    0.04487821
    0.04380994
    0.05739551
    0.04457457
    0.04706040
    0.03940791
    0.04330910
    0.03792695
    0.04688264
    0.03773044
    0.06008514
    0.04822461
    0.02784408
    0.19661985
    0.07082281
    0.19809848
    0.08047797
    0.05258100
    0.03446606
    0.04416965
    0.04173273
    0.04572775
    0.04565590
    0.03929150
    0.04819103
    0.05943920
    0.05095564
    0.08124565
    0.01616847
    0.03794239
    0.03568351
    0.04184584
    0.01170950
    0.03752803
    0.04789360
    0.04478546
    0.04916550
    0.04232864
    0.03919588
    0.03714104
    0.05496087
    0.06223642
    0.07149951
    0.05919799
    0.05768369
    0.06801289
    0.07880692
    0.06933019
    0.05065798
    0.02434462
    0.03159444
    0.02400057
    0.04383344
    0.02949408
    0.02442208
    0.05985178
    0.07951624
    0.06525158
    0.04094060
    0.04837026
    0.05796402
    0.04902961
    0.02423944
    0.02908530
    0.01867447
