           1           2  0.99859927575727891     
           2           3  0.96219001617915845     
           3           4  0.99729223442693293     
           2           5  0.97507800722405047     
           5           6   1.4299723791009231     
           6           7   1.4376971282897446     
           5           8  0.11106346739106331     
           7           8   1.4232918376586234     
           8           9   1.4418919829179522     
           5          10   1.3556999261564873     
           7          10  0.11269088052458613     
           9          10   1.4087267880424714     
          10          11   1.0151171359317024     
          11          12   1.1592477759534219     
          12          13  0.99576400355924588     
          13          14   1.0054103668800973     
          11          15   1.5210035222273612     
          15          16   1.0188792097971484     
          16          17  0.96552217978025867     
          17          18  0.99766351470554837     
          17          19  0.99809910412192071     
          17          20  0.98189352125632379     
          20          21  0.92596663081491404     
          21          22   1.1636766559469078     
          22          23  0.94313481987012271     
          23          24  0.99602195230427348     
          24          25   1.0072230296250484     
          25          26   1.2519750206590909     
          26          27  0.92106527080179523     
          27          28  0.98017174907591975     
          28          29   1.2887982200268493     
          29          30  0.93002259690364697     
          30          31  0.97618454613437100     
          31          32   1.0088300355263180     
          31          33   1.0060799320121288     
          30          34  0.95640556662396159     
          34          35   1.2893832366141618     
          35          36  0.92644061095624330     
          36          37  0.96862155000260741     
          37          38  0.99299358198581911     
          38          39  0.99318609181247441     
          39          40   1.2143476847347601     
          40          41   1.0253077342755970     
          41          42   2.7605283529408400     
          42          43   1.0185068892956013     
          43          44  0.96889369068987652     
          44          45   1.0155959177125988     
          44          46   1.0169297348703485     
          43          47  0.97218041397316224     
          43          48  0.96469319872940851     
          39          49  0.19560881845437295     
          40          49   1.6397893884464292     
          39          50  0.99615365404117506     
          36          51  0.98263723002151471     
          50          51  0.99492946222399636     
          34          52  0.19921018689963993     
          35          52   1.6334256165133270     
          34          53  0.99154539855893753     
          28          54  0.20136038211050925     
          29          54   1.6524173893924179     
          27          55  0.98945719107669150     
          55          56  0.99033800384687654     
          56          57  0.97891724089429366     
          57          58   1.0043082973878050     
          58          59  0.98815705251067831     
          59          60  0.99496526971965527     
          56          61  0.97645622729770121     
          60          61  0.98370353592355819     
          25          62  0.20231829386968911     
          26          62   1.6684877911639207     
          25          63  0.97480957644028321     
          63          64  0.99613388410406034     
          23          65  0.98570082891245125     
          64          65   1.0066231339092579     
          21          66  0.18016581651499963     
          22          66   1.7405640449182864     
          15          67   1.2091660599271488     
          12          68   1.1575249688979614     
          67          68   1.2464774476456291     
          68          69   1.3284439326331479     
          69          70   1.5097105207596226     
          58          71   1.0611492208748663     
          70          71   1.3055188388986050     
          67          72   1.3215504512143108     
          69          72  0.10353602147828560     
          71          72   1.4409426001852563     
          36          73  0.90448918591038707     
           1          74  0.98345428447742955     
           1          75  0.98263197202535069     
           1          76  0.98520094305501571     
           2          77  0.95367561922724953     
           4          78  0.97564479958275219     
           4          79  0.97855591348349769     
           4          80  0.97650828298938974     
           7          81  0.96316843615024461     
           8          82  0.96942428058277275     
           9          83  0.96622008159228101     
          13          84  0.96849657058304306     
          13          85  0.96982508514831167     
          14          86  0.98575879238490993     
          14          87  0.98507391956077694     
          14          88  0.98566215554283032     
          16          89  0.96550111163295993     
          16          90  0.96764950375923742     
          18          91  0.98429463104572612     
          18          92  0.98491741782393005     
          18          93  0.98506215329466984     
          19          94  0.98353972888145935     
          19          95  0.98169500043081392     
          19          96  0.98493607047621301     
          20          97  0.96265087222601609     
          20          98  0.96615161731309251     
          23          99  0.92819817029774954     
          24         100  0.90533373885441959     
          27         101  0.93929551490853169     
          28         102  0.92562985492911454     
          30         103  0.94598602038057644     
          31         104  0.96084192671792157     
          32         105  0.98546365561238691     
          32         106  0.98522991521749959     
          32         107  0.98610406954171093     
          33         108  0.98527959476159144     
          33         109  0.98476465749590480     
          33         110  0.98619926706145189     
          37         111  0.97173830729107080     
          37         112  0.97321485435274935     
          38         113  0.96634850464254840     
          38         114  0.96309529956821360     
          45         115  0.97350290945638396     
          45         116  0.97794729553086779     
          45         117  0.98109195162134899     
          46         118  0.97979560561572221     
          46         119  0.97208287326449883     
          46         120  0.98074534355648091     
          47         121  0.98382125059240810     
          47         122  0.98051084219002194     
          47         123  0.98516820171080244     
          48         124  0.98505065268136949     
          48         125  0.98506847967155253     
          48         126  0.98180223101772790     
          50         127  0.96532149318048510     
          50         128  0.96220802600261945     
          51         129  0.96965939410713031     
          51         130  0.97125270284614074     
          53         131  0.97541739457517729     
          53         132  0.97282454582574807     
          53         133  0.97383376408556022     
          55         134  0.96822717392978452     
          55         135  0.97143649652703612     
          56         136  0.95580226062013585     
          57         137  0.97152460651099837     
          57         138  0.95372770244863836     
          59         139  0.96948140483255707     
          59         140  0.96407972543908305     
          60         141  0.96598181068794664     
          60         142  0.96545737882054439     
          63         143  0.96630511702694299     
          63         144  0.96959720248134063     
          64         145  0.97766903944116779     
          64         146  0.97473220781848136     
          65         147  0.97567385111711769     
          65         148  0.97383891981419479     
          69         149  0.96643010758594072     
          70         150  0.96709598906029148     
          72         151  0.96246745447026738     
