   -0.11789388
    0.11592359
   -0.31473691
    0.04486919
    0.08724521
   -0.21668459
    0.05678877
   -0.04324149
   -0.01709816
   -0.00090717
    0.02013943
   -0.04629363
    0.00639290
   -0.11024341
   -0.03687462
   -0.06817307
    0.02274373
   -0.11304244
   -0.11316421
    0.07578536
   -0.25078255
    0.35096460
    0.02859700
   -0.19765184
   -0.02247029
    0.24203641
    0.02753048
   -0.16837674
    0.27103028
    0.00366059
   -0.01189072
   -0.11027718
   -0.11135578
   -0.07966430
    0.25108251
    0.15599236
   -0.06399208
    0.00245258
   -0.09397314
    0.29033421
   -0.07341812
   -0.01484940
    0.10102666
   -0.17142282
   -0.02857385
   -0.03126692
   -0.10960282
   -0.10484123
   -0.43966627
    0.00027726
   -0.06853549
   -0.46739725
   -0.04853956
   -0.44408528
   -0.06897840
    0.11262238
    0.00824844
   -0.15695500
    0.00554660
    0.07838193
   -0.32408503
   -0.43592655
   -0.01056161
   -0.06176048
   -0.06464386
   -0.41109384
   -0.02500008
    0.02499783
   -0.05267407
   -0.05695844
    0.05265317
   -0.06280541
   -0.27064478
    0.06997465
    0.04263381
    0.04053738
    0.01453355
    0.05692781
    0.03002388
    0.02683393
    0.04286109
    0.03874431
    0.03963912
    0.04744911
    0.04173328
    0.04390466
    0.05049017
    0.04489885
    0.05686279
    0.04472819
    0.04711433
    0.03770957
    0.03792803
    0.04743412
    0.03956390
    0.04298327
    0.06034989
    0.04810971
    0.02777628
    0.19562282
    0.07125035
    0.20315997
    0.08052432
    0.05196606
    0.04398811
    0.04132873
    0.03593245
    0.04774544
    0.03873249
    0.04561737
    0.04914339
    0.06288970
    0.05039022
    0.08194349
    0.04009058
    0.03628205
    0.00731222
    0.03768142
    0.01201282
    0.04223946
    0.05511618
    0.04119606
    0.04897375
    0.04086266
    0.03334249
    0.04052561
    0.05339151
    0.05481767
    0.07293938
    0.06086499
    0.07700220
    0.06006279
    0.06819546
    0.07016396
    0.05209273
    0.02336001
    0.03171355
    0.02616949
    0.04343968
    0.03106128
    0.02319082
    0.05767452
    0.07958386
    0.06499485
    0.04125713
    0.04816532
    0.05796411
    0.04888447
    0.02400771
    0.02841847
    0.01871949
