           1           2  0.99938633841989089     
           2           3  0.96234332383318433     
           3           4  0.99748901120953271     
           2           5  0.97507185252270734     
           5           6   1.4311449127066138     
           6           7   1.4359754494575652     
           5           8  0.11112998131761360     
           7           8   1.4249612974590113     
           8           9   1.4401105988761198     
           5          10   1.3542227563203399     
           7          10  0.11298765299555043     
           9          10   1.4110177054901072     
          10          11   1.0143900241190089     
          11          12   1.1587059528333661     
          12          13  0.99578296703846714     
          13          14   1.0053637247142191     
          11          15   1.5225662213647213     
          15          16   1.0188499294211648     
          16          17  0.96554756666651509     
          17          18  0.99825350136443780     
          17          19  0.99762771180317400     
          17          20  0.98163073650929955     
          20          21  0.92615814381919848     
          21          22   1.1643576840437864     
          22          23  0.94284200451887790     
          23          24  0.99553466277895553     
          24          25   1.0068232675263613     
          25          26   1.2492911674005374     
          26          27  0.92129930694914319     
          27          28  0.98048597322113240     
          28          29   1.2890690142075865     
          29          30  0.92829807479417914     
          30          31  0.97916987018271606     
          31          32   1.0085492643667306     
          31          33   1.0055909487156773     
          30          34  0.95409297402808235     
          34          35   1.2935480761347447     
          35          36  0.93056759645053322     
          36          37  0.96759324452792506     
          37          38  0.99390992058995375     
          38          39  0.99251736880607422     
          39          40   1.2157842188758916     
          40          41   1.0229512498943272     
          41          42   2.7588511299907994     
          42          43   1.0207002779206167     
          43          44  0.97097137412679091     
          44          45   1.0185256350588701     
          44          46   1.0166137935086528     
          43          47  0.97241973732237730     
          43          48  0.95994453106751898     
          39          49  0.19598015322175771     
          40          49   1.6401474808344720     
          39          50  0.99692849003749850     
          36          51  0.97984817549758496     
          50          51  0.99539666749149625     
          34          52  0.19658019429008178     
          35          52   1.6229547722373616     
          34          53  0.99063227383178543     
          28          54  0.20154819831265164     
          29          54   1.6532335421746276     
          27          55  0.98922392123661662     
          55          56  0.99077303189084243     
          56          57  0.97919197104640765     
          57          58   1.0038850913745847     
          58          59  0.98862777291168480     
          59          60  0.99484546353078718     
          56          61  0.97462409834905617     
          60          61  0.98353524418489946     
          25          62  0.20165962847601648     
          26          62   1.6709515042460372     
          25          63  0.97480006323938007     
          63          64  0.99631443455047142     
          23          65  0.98649344645775128     
          64          65   1.0066316642838551     
          21          66  0.18031709097695267     
          22          66   1.7393570472101558     
          15          67   1.2087352813208367     
          12          68   1.1574875947415451     
          67          68   1.2460779615309077     
          68          69   1.3289251945943816     
          69          70   1.5090075648333274     
          58          71   1.0606369945732963     
          70          71   1.3060414235859366     
          67          72   1.3220978972552928     
          69          72  0.10351493838204377     
          71          72   1.4407447738947945     
          36          73  0.90550381132457736     
           1          74  0.98284718919404723     
           1          75  0.98501184015224175     
           1          76  0.98352313907432742     
           2          77  0.95289206242085733     
           4          78  0.97849033824320153     
           4          79  0.97653170543066969     
           4          80  0.97554076050914307     
           7          81  0.96317651574073326     
           8          82  0.96943157796208190     
           9          83  0.96618998025371594     
          13          84  0.96859467065374516     
          13          85  0.96971422383732242     
          14          86  0.98579639518967266     
          14          87  0.98586585917015934     
          14          88  0.98506753071778574     
          16          89  0.96602618916425065     
          16          90  0.96742456374828378     
          18          91  0.98152989922025058     
          18          92  0.98492670590073439     
          18          93  0.98356457638069328     
          19          94  0.98422001787080649     
          19          95  0.98490074151062024     
          19          96  0.98508196218084254     
          20          97  0.96270645024976753     
          20          98  0.96601397141169398     
          23          99  0.92801607805689512     
          24         100  0.90624490799113122     
          27         101  0.93924462111486040     
          28         102  0.91907410465829809     
          30         103  0.94576708127647779     
          31         104  0.96027743634246909     
          32         105  0.98535924137586728     
          32         106  0.98613553207226312     
          32         107  0.98544950975147416     
          33         108  0.98463410430183407     
          33         109  0.98625858814142953     
          33         110  0.98531388072528869     
          37         111  0.97311020003858861     
          37         112  0.97292894771647176     
          38         113  0.96602534360741299     
          38         114  0.96286567678179935     
          45         115  0.98086252224303694     
          45         116  0.97599502546204353     
          45         117  0.97186666008427791     
          46         118  0.98024487545238193     
          46         119  0.97313976830927584     
          46         120  0.97940563112191259     
          47         121  0.98501405875001447     
          47         122  0.97998119971097541     
          47         123  0.98398751988329691     
          48         124  0.98127968227760354     
          48         125  0.98509382668658418     
          48         126  0.98537662562444517     
          50         127  0.96498131631044104     
          50         128  0.96100742401516837     
          51         129  0.96950159593792506     
          51         130  0.96990234246701368     
          53         131  0.97357877143859750     
          53         132  0.97596941295347506     
          53         133  0.97275002891855511     
          55         134  0.96791084126339622     
          55         135  0.97132673152649973     
          56         136  0.95593461903125265     
          57         137  0.97148817266557197     
          57         138  0.95344652676652286     
          59         139  0.96956130002466689     
          59         140  0.96389290858581722     
          60         141  0.96562590704912321     
          60         142  0.96555329757685271     
          63         143  0.96624082458587424     
          63         144  0.96974409642195214     
          64         145  0.97759766739115117     
          64         146  0.97477530517534072     
          65         147  0.97561012136952552     
          65         148  0.97376068035178209     
          69         149  0.96645090349172846     
          70         150  0.96722890320737132     
          72         151  0.96234299556238712     
