   -0.11265514
    0.11517749
   -0.31237740
    0.03897860
    0.07900498
   -0.21888151
    0.05611310
   -0.04405318
   -0.01655619
   -0.00494002
    0.01861320
   -0.02676455
   -0.00017698
   -0.10877699
   -0.05027584
   -0.06664829
    0.02269391
   -0.11222438
   -0.10711418
    0.06478285
   -0.25714145
    0.35280853
    0.02686545
   -0.19617106
   -0.02453993
    0.24140625
    0.02517748
   -0.16277795
    0.27399664
    0.01243598
   -0.01523332
   -0.11178996
   -0.11232081
   -0.07354171
    0.24943336
    0.15222121
   -0.06863975
    0.00539137
   -0.09380523
    0.29387683
   -0.07289415
   -0.01422078
    0.10216956
   -0.17659775
   -0.03076119
   -0.03105113
   -0.10611888
   -0.10604331
   -0.45285755
   -0.00005538
   -0.06510884
   -0.46392673
   -0.05625897
   -0.46157316
   -0.07279049
    0.11096315
    0.00792665
   -0.15959016
   -0.00725222
    0.07998946
   -0.31841701
   -0.43744589
   -0.00991911
   -0.06269720
   -0.06632871
   -0.40326658
   -0.02949066
    0.03335538
   -0.04613120
   -0.05903230
    0.04949079
   -0.07533365
   -0.27007784
    0.07328553
    0.03762507
    0.05358163
    0.01445641
    0.05241710
    0.05004527
    0.01538803
    0.03812841
    0.03457551
    0.03325960
    0.04327821
    0.07210860
    0.03791487
    0.04194281
    0.04801897
    0.04645354
    0.03493842
    0.04378103
    0.04097025
    0.03597125
    0.04824781
    0.04115395
    0.03655672
    0.05897328
    0.06561826
    0.02715216
    0.18801122
    0.06454197
    0.20194605
    0.07333694
    0.04911063
    0.04388941
    0.04333222
    0.04341276
    0.04066291
    0.04143640
    0.05048415
    0.05898004
    0.05585035
    0.07802915
    0.05642751
    0.04342021
    0.01195064
    0.03801252
    0.03639119
    0.03801315
    0.01538258
    0.05227280
    0.04535184
    0.04351964
    0.03994842
    0.03622554
    0.03915704
    0.05188081
    0.06031410
    0.05957182
    0.06802280
    0.07537211
    0.06315067
    0.07691506
    0.08175419
    0.04679812
    0.02235444
    0.03431230
    0.03177935
    0.04914083
    0.05175945
    0.02301346
    0.04740491
    0.07880612
    0.06475701
    0.04269978
    0.04952347
    0.06296414
    0.05641495
    0.02912297
    0.02975768
    0.02724392
