           1           2  0.99485271256746033     
           2           3  0.96781373231315859     
           3           4  0.99457351924531634     
           2           5  0.97451504787525589     
           5           6   1.4242050012077823     
           6           7   1.4430224360014186     
           5           8  0.10932226991054173     
           7           8   1.4159377255109320     
           8           9   1.4497200192772279     
           5          10   1.3525745085124823     
           7          10  0.11000323753736606     
           9          10   1.3956361536168138     
          10          11   1.0286552542559082     
          11          12   1.1723226884663396     
          12          13  0.99350423870715643     
          13          14   1.0064029388836060     
          11          15   1.4963078507102989     
          15          16   1.0187032424761093     
          16          17  0.96666053259236551     
          17          18  0.99744435796290043     
          17          19  0.99890467324387999     
          17          20  0.97165855729903072     
          20          21  0.92772934655145278     
          21          22   1.1584910186508817     
          22          23  0.94092856705546113     
          23          24  0.98842055384345973     
          24          25   1.0051242781374599     
          25          26   1.2535441655666948     
          26          27  0.92005818794810723     
          27          28  0.97439023770885291     
          28          29   1.2946985742559909     
          29          30  0.93423981967906988     
          30          31  0.96819342218643201     
          31          32   1.0069436330408219     
          31          33   1.0066732207111924     
          30          34  0.96387584003118931     
          34          35   1.2912881776482781     
          35          36  0.92590964278246790     
          36          37  0.97477229882412531     
          37          38  0.99117269231777094     
          38          39  0.98890503741946834     
          39          40   1.2235613772970237     
          40          41   1.0261862372133446     
          41          42   2.7579529029447416     
          42          43   1.0177093240139632     
          43          44  0.96806307160303207     
          44          45   1.0161354812502634     
          44          46   1.0156667243888484     
          43          47  0.97526143892281347     
          43          48  0.96327022258610895     
          39          49  0.18971650264007447     
          40          49   1.6223358525831344     
          39          50  0.99554653794372994     
          36          51  0.98222172368431271     
          50          51  0.99533678539202519     
          34          52  0.20084638311555064     
          35          52   1.6294743383504446     
          34          53  0.99407410358515491     
          28          54  0.19804602114886585     
          29          54   1.6350660008825406     
          27          55  0.99228005003635567     
          55          56  0.98565467517569516     
          56          57  0.98310279505647979     
          57          58   1.0021886860564109     
          58          59  0.98364807268449783     
          59          60  0.99525200034948047     
          56          61  0.97599182846077936     
          60          61  0.98392222356758940     
          25          62  0.20291508480531642     
          26          62   1.6660173658058632     
          25          63  0.97327424686809427     
          63          64  0.99639137428219571     
          23          65  0.99076767749840855     
          64          65   1.0083978480969793     
          21          66  0.17977262858634915     
          22          66   1.7494669806172263     
          15          67   1.2149897943206476     
          12          68   1.1678701402000387     
          67          68   1.2461664182589252     
          68          69   1.3227878522392227     
          69          70   1.5144772806966502     
          58          71   1.0627497588364689     
          70          71   1.3037070504836921     
          67          72   1.3137687582618931     
          69          72  0.10406153395823482     
          71          72   1.4381052499177491     
          36          73  0.90226152383584191     
           1          74  0.98138559591642660     
           1          75  0.98118782347991695     
           1          76  0.98379874006461177     
           2          77  0.94826218127669781     
           4          78  0.97998207955147854     
           4          79  0.96796333707479565     
           4          80  0.97674630852764244     
           7          81  0.96341833053952697     
           8          82  0.96961116564275251     
           9          83  0.96575424422696632     
          13          84  0.96889249947377576     
          13          85  0.96144355508589296     
          14          86  0.98495494411159235     
          14          87  0.98550641754316015     
          14          88  0.98489617289003850     
          16          89  0.96857931884103554     
          16          90  0.96409775334427439     
          18          91  0.98423590211451240     
          18          92  0.98400019364543989     
          18          93  0.98325070531260150     
          19          94  0.98313835149813034     
          19          95  0.98494454800084275     
          19          96  0.98529862328674167     
          20          97  0.96548744943006237     
          20          98  0.96143563348937988     
          23          99  0.93481594577765748     
          24         100  0.90893653443305888     
          27         101  0.94413442473471576     
          28         102  0.92592678609658663     
          30         103  0.95047917145733463     
          31         104  0.96401795331281215     
          32         105  0.98523352742149528     
          32         106  0.98557252046480759     
          32         107  0.98281951641650789     
          33         108  0.98418733165803951     
          33         109  0.98547479280021255     
          33         110  0.98426322462334470     
          37         111  0.96584555708098996     
          37         112  0.96756170619248150     
          38         113  0.95720838448069911     
          38         114  0.96723603963008764     
          45         115  0.97969517165480891     
          45         116  0.97225820799625762     
          45         117  0.98047029193040380     
          46         118  0.97702227523513496     
          46         119  0.97962440399089368     
          46         120  0.97318064694865480     
          47         121  0.98264337277821889     
          47         122  0.98403274606904856     
          47         123  0.98116369687632998     
          48         124  0.98533625191096197     
          48         125  0.98522415367664284     
          48         126  0.98142303752996574     
          50         127  0.96410622854150785     
          50         128  0.96494304318625790     
          51         129  0.97215539416575514     
          51         130  0.96691825994489111     
          53         131  0.96741531584408702     
          53         132  0.97148325632827193     
          53         133  0.97121198112096019     
          55         134  0.96680251736924672     
          55         135  0.97470010793291550     
          56         136  0.95725056574567946     
          57         137  0.96855644048862366     
          57         138  0.95662328531104479     
          59         139  0.96774044424031991     
          59         140  0.95416372898668445     
          60         141  0.96591808841880555     
          60         142  0.97043364728422821     
          63         143  0.96609531507686142     
          63         144  0.96961879998879386     
          64         145  0.97720813342257684     
          64         146  0.97433881394224964     
          65         147  0.97425508705624719     
          65         148  0.97336264385489291     
          69         149  0.96551220650644609     
          70         150  0.96528537994156838     
          72         151  0.95992382845431512     
