   -0.11566313
    0.11501227
   -0.31582852
    0.04470718
    0.08562689
   -0.21667649
    0.05574792
   -0.04194404
   -0.01259828
    0.00165866
    0.03464464
   -0.03664987
    0.00633173
   -0.11210084
   -0.04567848
   -0.06705952
    0.02268604
   -0.10579813
   -0.12116888
    0.06570216
   -0.25848973
    0.35313128
    0.02596670
   -0.19330288
   -0.02136716
    0.24162009
    0.02681666
   -0.16439993
    0.27239542
    0.00969312
   -0.01497152
   -0.11138131
   -0.11407598
   -0.07210321
    0.25003046
    0.15282803
   -0.06411831
   -0.00132029
   -0.08969300
    0.29031886
   -0.07377890
   -0.01625754
    0.10136733
   -0.17308045
   -0.03073381
   -0.03120097
   -0.10318431
   -0.10877322
   -0.45430455
    0.00550047
   -0.07127273
   -0.46473491
   -0.05796581
   -0.46440918
   -0.07261155
    0.11059461
    0.00881385
   -0.16237248
   -0.00467020
    0.07864960
   -0.32084987
   -0.43944093
   -0.01050572
   -0.06256903
   -0.06638190
   -0.39973630
   -0.02708745
    0.02883139
   -0.05381816
   -0.05981793
    0.04957975
   -0.07298174
   -0.26988579
    0.07060206
    0.03914670
    0.03595551
    0.01614579
    0.05801960
    0.03151240
    0.02194658
    0.03884456
    0.03670101
    0.05559283
    0.04977346
    0.05459745
    0.04419770
    0.03984711
    0.04744309
    0.04477568
    0.03575828
    0.04492315
    0.03936561
    0.03622380
    0.04352075
    0.03590840
    0.05998544
    0.06184991
    0.06210337
    0.02388728
    0.18440483
    0.06232427
    0.20478868
    0.07891248
    0.04661538
    0.04407012
    0.04289668
    0.04351664
    0.04369511
    0.04112658
    0.05059391
    0.06236612
    0.06585663
    0.05680075
    0.05835019
    0.01185655
    0.04347758
    0.03807885
    0.01149484
    0.03904930
    0.04150434
    0.03735274
    0.03819450
    0.03882105
    0.04495118
    0.04985585
    0.04183053
    0.05016643
    0.07782728
    0.06264120
    0.05793474
    0.07543887
    0.06227114
    0.07792067
    0.08123691
    0.04628472
    0.02427047
    0.03599712
    0.02844068
    0.03639268
    0.05820451
    0.02383168
    0.05108249
    0.07942726
    0.06571789
    0.04185977
    0.04973846
    0.06630443
    0.05343145
    0.02276603
    0.02278561
    0.02717417
