           1           2  0.99550492963515902     
           2           3  0.95920911886142179     
           3           4  0.99790737616847547     
           2           5  0.97489696650242930     
           5           6   1.4265585618227121     
           6           7   1.4396777086220065     
           5           8  0.10960679685628212     
           7           8   1.4199048166302946     
           8           9   1.4476839711906739     
           5          10   1.3582442890911390     
           7          10  0.10968449839147058     
           9          10   1.3973881767682950     
          10          11   1.0253292037941311     
          11          12   1.1625734856098289     
          12          13  0.99106975785613960     
          13          14   1.0086550787523285     
          11          15   1.5163168720536047     
          15          16   1.0167487794085124     
          16          17  0.96854064190535982     
          17          18  0.99824107920965865     
          17          19  0.99864011152062526     
          17          20  0.96972242037700185     
          20          21  0.92589609767478542     
          21          22   1.1605379804083082     
          22          23  0.93706955399440628     
          23          24  0.98448580457380230     
          24          25   1.0057301637580693     
          25          26   1.2570687824381894     
          26          27  0.92133315723388531     
          27          28  0.97543917580006401     
          28          29   1.2961747305418496     
          29          30  0.93457441009023645     
          30          31  0.96734562077894792     
          31          32   1.0066159130437071     
          31          33   1.0070109594148904     
          30          34  0.96481610002361329     
          34          35   1.2933647240814821     
          35          36  0.92596946326626661     
          36          37  0.98370839787397968     
          37          38  0.99711460462050661     
          38          39  0.99475531879638734     
          39          40   1.2319225904940401     
          40          41   1.0230061809644844     
          41          42   2.7598853772405105     
          42          43   1.0176396933431857     
          43          44  0.97073281993489668     
          44          45   1.0154019309962454     
          44          46   1.0169617269790685     
          43          47  0.96244241765456440     
          43          48  0.97458371562113610     
          39          49  0.19620854715925515     
          40          49   1.6211040552112490     
          39          50  0.99060039664115485     
          36          51  0.97362312938315054     
          50          51  0.99483557455651939     
          34          52  0.20192384165425092     
          35          52   1.6272950614132589     
          34          53  0.99496040549378673     
          28          54  0.19818538628140003     
          29          54   1.6349651569359060     
          27          55  0.99111507022210255     
          55          56  0.98688931358954979     
          56          57  0.98302580016169894     
          57          58   1.0024372323977786     
          58          59  0.98293271413538519     
          59          60  0.99514814511628080     
          56          61  0.97440680182849548     
          60          61  0.98341090655675789     
          25          62  0.20348910072071019     
          26          62   1.6618985335786030     
          25          63  0.97304375495200468     
          63          64  0.99641966735572796     
          23          65  0.99200846532301212     
          64          65   1.0085145498227857     
          21          66  0.18162005607868464     
          22          66   1.7538614610752339     
          15          67   1.2068812504558901     
          12          68   1.1635735169164498     
          67          68   1.2421967945579089     
          68          69   1.3311797382024380     
          69          70   1.5031957861232361     
          58          71   1.0588205805293724     
          70          71   1.3114474554626840     
          67          72   1.3242941404321882     
          69          72  0.10239877733051622     
          71          72   1.4332409562499917     
          36          73  0.90140304384251246     
           1          74  0.98208710085871531     
           1          75  0.98394969662155674     
           1          76  0.98399851825767315     
           2          77  0.95234405064624161     
           4          78  0.97840463384309839     
           4          79  0.97635213063849635     
           4          80  0.97568389729758964     
           7          81  0.96341760462453019     
           8          82  0.96940045412815157     
           9          83  0.96432525006136527     
          13          84  0.96963537135776057     
          13          85  0.96266253275224267     
          14          86  0.98139439592703570     
          14          87  0.98543807998932731     
          14          88  0.98241643175961024     
          16          89  0.96584832278384625     
          16          90  0.96755149002255414     
          18          91  0.98367763347273907     
          18          92  0.98430193220864548     
          18          93  0.98552586733127512     
          19          94  0.98386091909123330     
          19          95  0.98432021581972784     
          19          96  0.97254717145939795     
          20          97  0.96597913433588234     
          20          98  0.96352146488242318     
          23          99  0.94087233265053249     
          24         100  0.91338732539828682     
          27         101  0.94434861167523931     
          28         102  0.92351951190198411     
          30         103  0.94773123781724267     
          31         104  0.96420404006112426     
          32         105  0.98552237886416150     
          32         106  0.98282103185871128     
          32         107  0.98526827337390155     
          33         108  0.98419439241072726     
          33         109  0.98519417245341745     
          33         110  0.98399198413726607     
          37         111  0.97194702560472523     
          37         112  0.97044373504944281     
          38         113  0.96318180489959548     
          38         114  0.96317978943278426     
          45         115  0.97313282941711310     
          45         116  0.97714786855811864     
          45         117  0.98096779173445225     
          46         118  0.97196806567749694     
          46         119  0.98020182184305349     
          46         120  0.97962501097033083     
          47         121  0.98456083524549554     
          47         122  0.98129312377940103     
          47         123  0.98344272686443235     
          48         124  0.98079560668389165     
          48         125  0.98536959056262252     
          48         126  0.98476750238263278     
          50         127  0.96507999731346472     
          50         128  0.96188509468450245     
          51         129  0.96344228493744644     
          51         130  0.96744685521754326     
          53         131  0.96694123588486769     
          53         132  0.97045463360748785     
          53         133  0.97163523750921588     
          55         134  0.96690872438824127     
          55         135  0.97441836704985096     
          56         136  0.95672451898386834     
          57         137  0.96936060257005874     
          57         138  0.95674703866315836     
          59         139  0.97090961993490343     
          59         140  0.95399493368776289     
          60         141  0.96606345646394787     
          60         142  0.97022529056233697     
          63         143  0.96588976749720046     
          63         144  0.96941741710405238     
          64         145  0.97724719767003621     
          64         146  0.97420601486267289     
          65         147  0.97346863624260360     
          65         148  0.97391896527777566     
          69         149  0.96244613318277539     
          70         150  0.96794187409698962     
          72         151  0.95936947016068508     
