   -0.11781059
    0.11582930
   -0.31463414
    0.04457421
    0.08732712
   -0.21617176
    0.05674779
   -0.04327337
   -0.01691886
   -0.00125294
    0.01955426
   -0.04638796
    0.00641378
   -0.11018043
   -0.03742115
   -0.06850238
    0.02283550
   -0.11289037
   -0.11257548
    0.07630523
   -0.25286379
    0.35048758
    0.02831416
   -0.19500134
   -0.02102051
    0.24246746
    0.02941994
   -0.16158133
    0.27145627
    0.00526118
   -0.01379614
   -0.10913296
   -0.11142739
   -0.07895136
    0.25003466
    0.15333497
   -0.06753537
    0.00379289
   -0.09676586
    0.28866452
   -0.07623128
   -0.02656084
    0.10234068
   -0.17159904
   -0.03255025
   -0.03396702
   -0.10883688
   -0.10901625
   -0.44417567
    0.00007677
   -0.06516177
   -0.45850609
   -0.05734313
   -0.45041088
   -0.06767472
    0.11232475
    0.00977305
   -0.15650713
    0.00539490
    0.07663737
   -0.31805140
   -0.43754750
   -0.01080159
   -0.06182903
   -0.06402269
   -0.40815478
   -0.02513351
    0.02487156
   -0.05259790
   -0.05667677
    0.05269442
   -0.06386516
   -0.27176308
    0.07029724
    0.04147489
    0.04060633
    0.01448302
    0.03018040
    0.02710143
    0.05698711
    0.04267967
    0.03859595
    0.03930423
    0.04737071
    0.04169641
    0.04376045
    0.05054653
    0.04473897
    0.05685968
    0.04543855
    0.04681043
    0.03778899
    0.03784576
    0.04647322
    0.03914920
    0.04322713
    0.05932632
    0.04839262
    0.02785760
    0.19406371
    0.06977501
    0.20337634
    0.07603458
    0.05498894
    0.04350872
    0.04175917
    0.03266987
    0.04734471
    0.03828112
    0.04592255
    0.05313304
    0.05448251
    0.04982776
    0.08068887
    0.04021067
    0.01225960
    0.04046983
    0.03877646
    0.04325132
    0.01905526
    0.05135167
    0.04302637
    0.04754047
    0.03781494
    0.04256801
    0.05342509
    0.05310210
    0.05633528
    0.06793041
    0.06372861
    0.08393168
    0.05079291
    0.07915615
    0.07010878
    0.04943237
    0.02424095
    0.03174769
    0.01998929
    0.04314180
    0.03106111
    0.02313048
    0.06172916
    0.07973178
    0.06529503
    0.04151400
    0.04842024
    0.05735185
    0.04951926
    0.02385960
    0.02891087
    0.01938469
