           1           2  0.99888912388203555     
           2           3  0.96233458733950916     
           3           4  0.99732631132164706     
           2           5  0.97506559694632577     
           5           6   1.4305322890642129     
           6           7   1.4369652139411906     
           5           8  0.11109924942314231     
           7           8   1.4239821486307258     
           8           9   1.4412106370348206     
           5          10   1.3548980158425294     
           7          10  0.11277833534361961     
           9          10   1.4097560535687874     
          10          11   1.0150399802769263     
          11          12   1.1585054298139428     
          12          13  0.99591205660505666     
          13          14   1.0053882571297934     
          11          15   1.5217759377277147     
          15          16   1.0190122110682751     
          16          17  0.96555615583501442     
          17          18  0.99806156077710939     
          17          19  0.99766052430952912     
          17          20  0.98193079928015325     
          20          21  0.92616207971999309     
          21          22   1.1610494982817139     
          22          23  0.94323320765524621     
          23          24  0.99720946122452658     
          24          25   1.0071905387108235     
          25          26   1.2512435991323816     
          26          27  0.92163282749813180     
          27          28  0.97960050901260320     
          28          29   1.2963004632555410     
          29          30  0.92911057001524278     
          30          31  0.97706143543917567     
          31          32   1.0084502118783982     
          31          33   1.0061702658466580     
          30          34  0.95433500046969866     
          34          35   1.2920320643865029     
          35          36  0.92164806912515418     
          36          37  0.97469838785932927     
          37          38  0.99341684451209100     
          38          39  0.99350440293567610     
          39          40   1.2132853842634761     
          40          41   1.0243838790184705     
          41          42   2.7551670466841500     
          42          43   1.0125170271777677     
          43          44  0.96235985254146161     
          44          45   1.0151215112848317     
          44          46   1.0129886976225568     
          43          47  0.97639354140811307     
          43          48  0.97582272121888503     
          39          49  0.19502411109544879     
          40          49   1.6387934789299243     
          39          50  0.99651413760112562     
          36          51  0.98570049064770238     
          50          51  0.99509704664547560     
          34          52  0.20317718344871927     
          35          52   1.6357569222917832     
          34          53  0.99396027498196649     
          28          54  0.20167418137804313     
          29          54   1.6435349480069990     
          27          55  0.98990206205846654     
          55          56  0.98980257039278929     
          56          57  0.97853026205504490     
          57          58   1.0048742151549890     
          58          59  0.98741707359863939     
          59          60  0.99489508051267417     
          56          61  0.97852255168010627     
          60          61  0.98436159262589473     
          25          62  0.20194046435890087     
          26          62   1.6685031296356190     
          25          63  0.97464956772322053     
          63          64  0.99626620803487009     
          23          65  0.98345881555145631     
          64          65   1.0068146677408176     
          21          66  0.18001906000489531     
          22          66   1.7442728247683932     
          15          67   1.2087848224945668     
          12          68   1.1571268432253101     
          67          68   1.2466815470690271     
          68          69   1.3284803332528312     
          69          70   1.5095554858519040     
          58          71   1.0619996985112727     
          70          71   1.3054829513120008     
          67          72   1.3217382323794693     
          69          72  0.10351760982518178     
          71          72   1.4403157572297711     
          36          73  0.89788099876604455     
           1          74  0.98271482848352376     
           1          75  0.98515694992740666     
           1          76  0.98346814878220679     
           2          77  0.95334644959825643     
           4          78  0.97649883254945902     
           4          79  0.97560553042229237     
           4          80  0.97852579139850693     
           7          81  0.96318198860745041     
           8          82  0.96944060252456388     
           9          83  0.96627792689938707     
          13          84  0.96856817665243955     
          13          85  0.96980032148581252     
          14          86  0.98574010598841655     
          14          87  0.98582061388657660     
          14          88  0.98509180971997168     
          16          89  0.96590350011522186     
          16          90  0.96746619717651272     
          18          91  0.98188168678323740     
          18          92  0.98497300797203258     
          18          93  0.98354374764910180     
          19          94  0.98421920745097147     
          19          95  0.98494727222390976     
          19          96  0.98510865948308157     
          20          97  0.96238652603041519     
          20          98  0.96641680584851286     
          23          99  0.92916845212809240     
          24         100  0.90941197789447092     
          27         101  0.93980353191867338     
          28         102  0.92156936700368008     
          30         103  0.94961175228744032     
          31         104  0.96380513082608199     
          32         105  0.98541720912306152     
          32         106  0.98577816323779865     
          32         107  0.98430976598718001     
          33         108  0.98421402414319303     
          33         109  0.98644257638750976     
          33         110  0.98516891694239328     
          37         111  0.97072451303241314     
          37         112  0.97345273602740900     
          38         113  0.96602757449908361     
          38         114  0.96327743192672233     
          45         115  0.98076040004250942     
          45         116  0.97449594849423549     
          45         117  0.97942254227291881     
          46         118  0.98100863424127815     
          46         119  0.97983426572913923     
          46         120  0.97529201137610444     
          47         121  0.98267243139260740     
          47         122  0.98405167579850705     
          47         123  0.98343996484965612     
          48         124  0.98354250729202319     
          48         125  0.98433270145039109     
          48         126  0.98298332315211823     
          50         127  0.96520348000932765     
          50         128  0.96297534739810153     
          51         129  0.97097839000700481     
          51         130  0.97060152613025352     
          53         131  0.96779742819762049     
          53         132  0.97126868724079518     
          53         133  0.97257225817392445     
          55         134  0.96830349148000072     
          55         135  0.97167317663716735     
          56         136  0.95587873472942930     
          57         137  0.97160227503721064     
          57         138  0.95416577030925476     
          59         139  0.96970090487796590     
          59         140  0.96434321960719993     
          60         141  0.96617452578901752     
          60         142  0.96595735772284641     
          63         143  0.96621404798709709     
          63         144  0.96961529999218887     
          64         145  0.97756813300825107     
          64         146  0.97461142584231797     
          65         147  0.97580197300931748     
          65         148  0.97368519527663466     
          69         149  0.96650706947758747     
          70         150  0.96718276148092563     
          72         151  0.96242272360457992     
