   -0.11564105
    0.11611389
   -0.31404353
    0.04326235
    0.08739123
   -0.21270157
    0.05667340
   -0.04319400
   -0.01879491
   -0.00277978
    0.01862335
   -0.04526542
    0.00345883
   -0.10977032
   -0.03842829
   -0.07076079
    0.02310765
   -0.11354998
   -0.11276092
    0.07564953
   -0.25004772
    0.35128407
    0.02858543
   -0.19646045
   -0.02152293
    0.24214169
    0.02812803
   -0.16702764
    0.27098148
    0.00381844
   -0.01206839
   -0.11009790
   -0.11117477
   -0.07995869
    0.25121516
    0.15549984
   -0.06357789
    0.00356478
   -0.09603008
    0.28874583
   -0.07593913
   -0.02633138
    0.10217702
   -0.17227855
   -0.03169723
   -0.03364912
   -0.10899238
   -0.10864147
   -0.44277490
    0.00179433
   -0.06681421
   -0.46587206
   -0.04810203
   -0.44465564
   -0.06843850
    0.11269780
    0.00819191
   -0.15679868
    0.00554113
    0.07801719
   -0.32348948
   -0.43678285
   -0.01072261
   -0.06181751
   -0.06482070
   -0.41233447
   -0.02432266
    0.02598882
   -0.05198764
   -0.05613376
    0.05330410
   -0.06203291
   -0.27046722
    0.04096189
    0.07036604
    0.03535820
    0.01441910
    0.02631522
    0.05690196
    0.03243650
    0.04250447
    0.03816520
    0.03737342
    0.04553079
    0.05045334
    0.04935682
    0.04105529
    0.04524320
    0.06157789
    0.04213021
    0.04697677
    0.03935805
    0.04536990
    0.03757238
    0.04644164
    0.03809883
    0.06020902
    0.04833736
    0.02806811
    0.19462093
    0.07108920
    0.20210970
    0.07970860
    0.05214257
    0.03569564
    0.04406560
    0.04132236
    0.04579498
    0.04697332
    0.03887728
    0.04844989
    0.06074840
    0.04955633
    0.08147367
    0.00951198
    0.03963065
    0.04034590
    0.04392084
    0.01696788
    0.03921471
    0.04443597
    0.04746375
    0.05069931
    0.04418465
    0.05338832
    0.03746071
    0.05178433
    0.05482017
    0.07138075
    0.06000718
    0.05911191
    0.06810591
    0.07756012
    0.06968745
    0.05141390
    0.02348098
    0.03148774
    0.02614826
    0.04335176
    0.03148176
    0.02281094
    0.05887832
    0.07976977
    0.06513125
    0.04115435
    0.04821657
    0.05826421
    0.04886008
    0.02440193
    0.02931576
    0.01853666
