           1           2  0.99439270725618367     
           2           3  0.96320204553287769     
           3           4  0.99628704900528231     
           2           5  0.97610796380903131     
           5           6   1.4251894402432752     
           6           7   1.4438681098689754     
           5           8  0.10984811170989815     
           7           8   1.4154913144916097     
           8           9   1.4501171225741381     
           5          10   1.3594357763823146     
           7          10  0.11052643648337156     
           9          10   1.3940263177574630     
          10          11   1.0267629100436535     
          11          12   1.1565143071515427     
          12          13  0.99559635733666185     
          13          14   1.0047122338677397     
          11          15   1.5126028338001221     
          15          16   1.0198510378374199     
          16          17  0.96445137553952076     
          17          18  0.99774850948062821     
          17          19  0.99820324762141177     
          17          20  0.98159318491901071     
          20          21  0.92574616871852877     
          21          22   1.1659657529314569     
          22          23  0.94257693863065506     
          23          24  0.99488539672515919     
          24          25   1.0069957774303051     
          25          26   1.2504687618855879     
          26          27  0.92165393918008431     
          27          28  0.98030763917690888     
          28          29   1.2891445592430704     
          29          30  0.92801620221508740     
          30          31  0.97859535328737213     
          31          32   1.0086537359497019     
          31          33   1.0056279393664664     
          30          34  0.95459292831108300     
          34          35   1.2921597451625195     
          35          36  0.92920978250541508     
          36          37  0.96794040866821485     
          37          38  0.99420396969643310     
          38          39  0.99288319302481631     
          39          40   1.2136593632740102     
          40          41   1.0232611712958082     
          41          42   2.7556221496529680     
          42          43   1.0128642978202329     
          43          44  0.96218755972909042     
          44          45   1.0162608159676629     
          44          46   1.0131878936139638     
          43          47  0.97732263547618881     
          43          48  0.97440029017197793     
          39          49  0.19559273837113469     
          40          49   1.6399343811935898     
          39          50  0.99701414878568184     
          36          51  0.98090360812587585     
          50          51  0.99573968601764917     
          34          52  0.19743054519881767     
          35          52   1.6265623291089977     
          34          53  0.99093028018292995     
          28          54  0.20172122803469358     
          29          54   1.6539750742283017     
          27          55  0.98925719041636540     
          55          56  0.99058070240347673     
          56          57  0.97921841762660078     
          57          58   1.0038651585103859     
          58          59  0.98810878219219067     
          59          60  0.99488308512991486     
          56          61  0.97526163837569280     
          60          61  0.98362686266468868     
          25          62  0.20201020666496158     
          26          62   1.6694314898055365     
          25          63  0.97486239460215074     
          63          64  0.99631676927139445     
          23          65  0.98709707542932201     
          64          65   1.0066202560470021     
          21          66  0.18052362557662399     
          22          66   1.7376623638448019     
          15          67   1.2111354236319487     
          12          68   1.1583024006675595     
          67          68   1.2462025305532012     
          68          69   1.3280073710019376     
          69          70   1.5107172038478931     
          58          71   1.0612313554808301     
          70          71   1.3045975169355977     
          67          72   1.3208557835513370     
          69          72  0.10353530892505768     
          71          72   1.4419119731973464     
          36          73  0.90509254729492905     
           1          74  0.98350398793459293     
           1          75  0.98235759032277259     
           1          76  0.98439208211162588     
           2          77  0.95455111347410349     
           4          78  0.97596330534045328     
           4          79  0.97870600981213018     
           4          80  0.97659209219889775     
           7          81  0.96317269563915553     
           8          82  0.96938561649167643     
           9          83  0.96804393650937570     
          13          84  0.96767608646798298     
          13          85  0.96867363615982693     
          14          86  0.98641813430543324     
          14          87  0.98565145465935600     
          14          88  0.98497961969505843     
          16          89  0.96219645419158317     
          16          90  0.96798877814532092     
          18          91  0.98437130003486950     
          18          92  0.98483887277516324     
          18          93  0.98481198008639814     
          19          94  0.98388196003905981     
          19          95  0.98251101312597755     
          19          96  0.98496742279692617     
          20          97  0.96297156480532409     
          20          98  0.96589382133509061     
          23          99  0.92807202449124837     
          24         100  0.90798791183584271     
          27         101  0.93917327546776197     
          28         102  0.92065971983329464     
          30         103  0.94647352332486889     
          31         104  0.96008927204000272     
          32         105  0.98542236722580878     
          32         106  0.98533166899439562     
          32         107  0.98613087702714675     
          33         108  0.98529135657414035     
          33         109  0.98468971089508117     
          33         110  0.98622976368765047     
          37         111  0.97286914875448904     
          37         112  0.97320258825944017     
          38         113  0.96563458007333358     
          38         114  0.96279408695358959     
          45         115  0.97325503297288096     
          45         116  0.97933502544242812     
          45         117  0.98064323246330232     
          46         118  0.97980467284087336     
          46         119  0.97528363300466625     
          46         120  0.98103875493147219     
          47         121  0.98385370724367693     
          47         122  0.98342482122686103     
          47         123  0.98285768951329933     
          48         124  0.98416405595914924     
          48         125  0.98274679546878907     
          48         126  0.98347748553476255     
          50         127  0.96483852199297138     
          50         128  0.96182253747973578     
          51         129  0.96990597962819958     
          51         130  0.97040742713399131     
          53         131  0.97590448784813022     
          53         132  0.97306865358048711     
          53         133  0.97337413501660253     
          55         134  0.96798578276108005     
          55         135  0.97142984133728394     
          56         136  0.95600976935706961     
          57         137  0.97156868958133391     
          57         138  0.95311068387382336     
          59         139  0.96971120321758497     
          59         140  0.96392885940217854     
          60         141  0.96576322104797074     
          60         142  0.96546725715012249     
          63         143  0.96617509470428398     
          63         144  0.96960873865830488     
          64         145  0.97761568653462838     
          64         146  0.97478952714457878     
          65         147  0.97554691470032473     
          65         148  0.97381051250614059     
          69         149  0.96604102354903088     
          70         150  0.96730443819453849     
          72         151  0.96239676162303256     
