   -0.11718274
    0.11615221
   -0.31445761
    0.04401893
    0.08873953
   -0.21307772
    0.05629457
   -0.04348371
   -0.01807054
   -0.00210202
    0.01649092
   -0.04293826
    0.00673605
   -0.11041974
   -0.03815361
   -0.07372069
    0.02153759
   -0.10971844
   -0.11581807
    0.06909407
   -0.24717690
    0.35511546
    0.01936486
   -0.18349105
   -0.01853787
    0.24019374
    0.02210552
   -0.17265792
    0.27117201
    0.00334857
   -0.01198196
   -0.11107714
   -0.11450072
   -0.07359847
    0.24746313
    0.15302897
   -0.06398943
    0.00357403
   -0.09569469
    0.28906951
   -0.07557929
   -0.02764246
    0.10268954
   -0.17397470
   -0.03302583
   -0.03360812
   -0.10859925
   -0.10838303
   -0.44615685
   -0.00100725
   -0.06524498
   -0.46362456
   -0.04844051
   -0.44314076
   -0.07434124
    0.10926685
    0.00409383
   -0.16701734
    0.00076279
    0.08157188
   -0.33206295
   -0.45298503
   -0.01046125
   -0.06229094
   -0.06403207
   -0.41107378
   -0.02124346
    0.03231067
   -0.05023246
   -0.05230575
    0.05399288
   -0.05614166
   -0.26577973
    0.04074873
    0.06987658
    0.03845431
    0.01477696
    0.02711093
    0.05433582
    0.03242192
    0.04231295
    0.03808296
    0.03774033
    0.04647301
    0.03965220
    0.04408870
    0.05623231
    0.04274194
    0.05966085
    0.04594287
    0.03953038
    0.04228805
    0.04529800
    0.03508004
    0.03413989
    0.05284433
    0.06441391
    0.04652943
    0.05094214
    0.16427294
    0.06997839
    0.20081796
    0.08043987
    0.04158668
    0.04428262
    0.04020208
    0.04485111
    0.04394299
    0.04830177
    0.04247575
    0.04710128
    0.05770563
    0.05128166
    0.08001128
    0.03951580
    0.03848981
    0.01913734
    0.03838203
    0.03940709
    0.02108608
    0.04328807
    0.03996781
    0.05303463
    0.05324873
    0.04042850
    0.04372605
    0.05676880
    0.05656064
    0.07059404
    0.05609648
    0.07124106
    0.05679829
    0.08028242
    0.05550124
    0.04866792
    0.03285611
    0.05858560
    0.03438053
    0.04318059
    0.02985836
    0.04295398
    0.01806168
    0.08322813
    0.06301063
    0.04502853
    0.05048565
    0.05412928
    0.05658750
    0.02673935
    0.03849145
    0.03328473
