           1           2  0.99549395124471785     
           2           3  0.96279994282813164     
           3           4  0.99648967771407304     
           2           5  0.97612025723529661     
           5           6   1.4267089873152603     
           6           7   1.4428537931612881     
           5           8  0.11051623206724583     
           7           8   1.4168960203097358     
           8           9   1.4479094756592374     
           5          10   1.3575494486295234     
           7          10  0.11173526614952264     
           9          10   1.3964535831195117     
          10          11   1.0204071160284387     
          11          12   1.1556313443403730     
          12          13  0.99542547423311178     
          13          14   1.0056219783580462     
          11          15   1.5162305162295977     
          15          16   1.0195219982166728     
          16          17  0.96643360192096939     
          17          18  0.99907041473866942     
          17          19  0.99756625288205225     
          17          20  0.97649243934755359     
          20          21  0.92612484559519870     
          21          22   1.1706822147577911     
          22          23  0.93937680444336058     
          23          24  0.99114969889344828     
          24          25   1.0047632198468368     
          25          26   1.2656620527335372     
          26          27  0.93814198607603694     
          27          28  0.99485612594244588     
          28          29   1.2707660573366244     
          29          30  0.93121063664625925     
          30          31  0.96640170088474686     
          31          32   1.0074885310880257     
          31          33   1.0064591643935226     
          30          34  0.96699898318761901     
          34          35   1.2888234539431784     
          35          36  0.92562519536993215     
          36          37  0.96935148971190610     
          37          38  0.99319609153324762     
          38          39  0.99300438196858742     
          39          40   1.2161130100575992     
          40          41   1.0255001251900584     
          41          42   2.7543780867115899     
          42          43   1.0132480857310198     
          43          44  0.96619975600861852     
          44          45   1.0134106061374464     
          44          46   1.0130354430915556     
          43          47  0.97456158907716506     
          43          48  0.97337907763909581     
          39          49  0.19427398762050027     
          40          49   1.6350528673492382     
          39          50  0.99654671360353664     
          36          51  0.98223514371625686     
          50          51  0.99477141500016808     
          34          52  0.20084279799631749     
          35          52   1.6361507188793656     
          34          53  0.99182869207892144     
          28          54  0.20007863447241406     
          29          54   1.6729229027667090     
          27          55  0.96184865481833648     
          55          56  0.98401841445251359     
          56          57  0.97545143661183975     
          57          58  0.99400020140784695     
          58          59   1.0051741632236726     
          59          60  0.97987758195755625     
          56          61  0.96656364932595829     
          60          61  0.98560867651856432     
          25          62  0.20086399406223157     
          26          62   1.6361277334968396     
          25          63  0.97413731476278920     
          63          64  0.99807788973005707     
          23          65  0.98290708116398018     
          64          65   1.0070051340702479     
          21          66  0.18155384693689505     
          22          66   1.7394261582301225     
          15          67   1.2067093788498171     
          12          68   1.1628295620085753     
          67          68   1.2471345142103651     
          68          69   1.3292668857806629     
          69          70   1.5055246931834170     
          58          71   1.0239869892473803     
          70          71   1.3206983508890451     
          67          72   1.3248846703734971     
          69          72  0.10703976827595801     
          71          72   1.4590583420316892     
          36          73  0.90939274895960864     
           1          74  0.98349008793620230     
           1          75  0.98255217120057636     
           1          76  0.98535857873301747     
           2          77  0.95460859598122660     
           4          78  0.97602422920768239     
           4          79  0.97871952888905756     
           4          80  0.97631506240701260     
           7          81  0.96318543938985934     
           8          82  0.96941427623179399     
           9          83  0.96625829441300282     
          13          84  0.96827776902918727     
          13          85  0.97012127737663711     
          14          86  0.98475318819720670     
          14          87  0.98462277844861168     
          14          88  0.98523472753482122     
          16          89  0.95738831269982527     
          16          90  0.97017444411055176     
          18          91  0.98482216397134836     
          18          92  0.98567207949917768     
          18          93  0.98378453218152362     
          19          94  0.98460727092124889     
          19          95  0.97838208518124514     
          19          96  0.98280731842688351     
          20          97  0.95938898713651533     
          20          98  0.96517136431882855     
          23          99  0.93307712905383788     
          24         100  0.93029577474380076     
          27         101  0.94222407674360298     
          28         102  0.92236599938486130     
          30         103  0.94726399528614813     
          31         104  0.96153737704250708     
          32         105  0.98591612364696546     
          32         106  0.98491071188903079     
          32         107  0.98469095061543066     
          33         108  0.98540485724680871     
          33         109  0.98451012101590263     
          33         110  0.98434478220181609     
          37         111  0.97085273798152816     
          37         112  0.97337834379960886     
          38         113  0.96634361237561450     
          38         114  0.96340435645418765     
          45         115  0.97996696911683601     
          45         116  0.98115147340597064     
          45         117  0.97491476249513265     
          46         118  0.98116132912778742     
          46         119  0.98000710939891911     
          46         120  0.97490183749769388     
          47         121  0.98372272219868484     
          47         122  0.98447640177395412     
          47         123  0.98270445016557695     
          48         124  0.98244510650684636     
          48         125  0.98446453248814758     
          48         126  0.98366565878027368     
          50         127  0.96517982405537928     
          50         128  0.96329826418914666     
          51         129  0.97028341842179977     
          51         130  0.97242588248292461     
          53         131  0.97347736109306537     
          53         132  0.97418831409190632     
          53         133  0.97024709089568051     
          55         134  0.97076837837605334     
          55         135  0.96903096152333634     
          56         136  0.95673896347182963     
          57         137  0.96802137189773951     
          57         138  0.96955188263396297     
          59         139  0.97470351030080860     
          59         140  0.97064039045436257     
          60         141  0.97216063060642999     
          60         142  0.97150733796540889     
          63         143  0.96480044229420980     
          63         144  0.96727322544812122     
          64         145  0.97687694164325056     
          64         146  0.97386998354250343     
          65         147  0.97594865367129457     
          65         148  0.97354683446213974     
          69         149  0.96627945440578644     
          70         150  0.96875764156496569     
          72         151  0.96025051534839490     
