   -0.11445785
    0.11643932
   -0.31526284
    0.04462732
    0.08518031
   -0.21860221
    0.05520855
   -0.04298514
   -0.01999429
   -0.00076247
    0.02413061
   -0.02654813
    0.00191225
   -0.10863454
   -0.03804912
   -0.07077655
    0.02363622
   -0.11544452
   -0.10401827
    0.06493272
   -0.25864067
    0.35377269
    0.02690110
   -0.19600628
   -0.01551250
    0.23612002
    0.02799392
   -0.16734023
    0.27089292
    0.00630353
   -0.01512691
   -0.11654810
   -0.11116582
   -0.06875900
    0.24979564
    0.15261211
   -0.07130532
    0.00500677
   -0.08932237
    0.29010559
   -0.07165314
   -0.01781304
    0.10183074
   -0.17493960
   -0.03126546
   -0.03056375
   -0.10391124
   -0.10744053
   -0.45656302
   -0.00281800
   -0.06494676
   -0.46254704
   -0.06114975
   -0.46403575
   -0.07446441
    0.11104518
    0.00849898
   -0.15655181
   -0.00491112
    0.07873738
   -0.32483209
   -0.44499019
   -0.01094171
   -0.06111077
   -0.06218330
   -0.39324431
   -0.02389604
    0.02763071
   -0.05332970
   -0.06159085
    0.04869984
   -0.07051939
   -0.26938669
    0.06878155
    0.03463027
    0.03840620
    0.01356870
    0.05357800
    0.03078918
    0.02665112
    0.03713147
    0.03589125
    0.06428450
    0.05306136
    0.05744470
    0.04084242
    0.04371665
    0.03829975
    0.05484104
    0.04166945
    0.03640152
    0.05196490
    0.03677790
    0.03744091
    0.04001949
    0.04466770
    0.06296021
    0.05254403
    0.02193547
    0.19013247
    0.05704662
    0.20888928
    0.08783449
    0.04508913
    0.05202756
    0.04326079
    0.04098412
    0.04335717
    0.04526300
    0.04402403
    0.05662874
    0.06629312
    0.07792073
    0.05226532
    0.03877132
    0.04225151
    0.01173925
    0.04048515
    0.03753625
    0.01411971
    0.03704751
    0.03777386
    0.03744497
    0.04963453
    0.04579333
    0.04467030
    0.06049504
    0.05752584
    0.06420326
    0.06598051
    0.06046783
    0.07882597
    0.07999643
    0.08213866
    0.05128643
    0.02489317
    0.03794854
    0.02431607
    0.04127955
    0.05599240
    0.02401898
    0.05333543
    0.08106574
    0.06588532
    0.04337483
    0.04990817
    0.06564460
    0.04188111
    0.01515297
    0.01921525
    0.02343210
