           1           2  0.99379891181936908     
           2           3  0.96214463213933321     
           3           4  0.99753057197064676     
           2           5  0.97595365455560845     
           5           6   1.4205013681036711     
           6           7   1.4443531474634004     
           5           8  0.10799347709042696     
           7           8   1.4151870504722965     
           8           9   1.4513081263222116     
           5          10   1.3662957796702995     
           7          10  0.10933342028633194     
           9          10   1.3878564791354226     
          10          11   1.0268362760776966     
          11          12   1.1656876250190331     
          12          13  0.99622231388058713     
          13          14   1.0043556615771103     
          11          15   1.5077615983531176     
          15          16   1.0185248363552784     
          16          17  0.96666669452970577     
          17          18  0.99667593333331717     
          17          19   1.0009407273352584     
          17          20  0.97074016540429231     
          20          21  0.92890399896073184     
          21          22   1.1542085025198765     
          22          23  0.93984609876553005     
          23          24  0.98610254792707708     
          24          25   1.0077885281268104     
          25          26   1.2693046953334057     
          26          27  0.91805491843047204     
          27          28  0.97671310593674210     
          28          29   1.3019681531161980     
          29          30  0.93942386625268959     
          30          31  0.96376069145324517     
          31          32   1.0080870679409237     
          31          33   1.0065192165251398     
          30          34  0.96908771997363075     
          34          35   1.2943299206655678     
          35          36  0.92449698688989601     
          36          37  0.97381712122564679     
          37          38  0.99392660710305158     
          38          39  0.99039874679216167     
          39          40   1.2339561575970210     
          40          41   1.0235976575276100     
          41          42   2.7598647539889236     
          42          43   1.0171607704769359     
          43          44  0.97011658231050646     
          44          45   1.0167508345085134     
          44          46   1.0154678256661962     
          43          47  0.96528267077939611     
          43          48  0.97236333856459278     
          39          49  0.19661259283158161     
          40          49   1.6187404903064260     
          39          50  0.99434234620597328     
          36          51  0.98476498826869363     
          50          51  0.99609578093786511     
          34          52  0.20139860256295777     
          35          52   1.6256947946317051     
          34          53  0.99484224242586716     
          28          54  0.19356170087558494     
          29          54   1.6155821622553974     
          27          55  0.99080256807949374     
          55          56  0.98907277127176441     
          56          57  0.98344742800620077     
          57          58   1.0019165875625415     
          58          59  0.98574345534513474     
          59          60  0.99614947135735810     
          56          61  0.97328185160890046     
          60          61  0.98087548731211738     
          25          62  0.20690641743886190     
          26          62   1.6464508599063743     
          25          63  0.97375147171146137     
          63          64  0.99719161799447620     
          23          65  0.97301876240910212     
          64          65   1.0065520957505649     
          21          66  0.18332826830997784     
          22          66   1.7590224195947330     
          15          67   1.2130483784197523     
          12          68   1.1681913203008190     
          67          68   1.2388340222267349     
          68          69   1.3298237675131714     
          69          70   1.5042844799483925     
          58          71   1.0693944827008546     
          70          71   1.3048421680996312     
          67          72   1.3266398625495148     
          69          72  0.10319503556691759     
          71          72   1.4303195745420281     
          36          73  0.90139234738420471     
           1          74  0.98256457411805531     
           1          75  0.98478710514360790     
           1          76  0.98365092375323515     
           2          77  0.95507396128763555     
           4          78  0.97911319070959490     
           4          79  0.97644873209259464     
           4          80  0.97585887669631433     
           7          81  0.96354304147082637     
           8          82  0.96940593106178852     
           9          83  0.96282128407434675     
          13          84  0.96634777591135612     
          13          85  0.96441014655449098     
          14          86  0.98570119867034434     
          14          87  0.98673146687332414     
          14          88  0.98640690828192845     
          16          89  0.96125159738910970     
          16          90  0.96847095241934023     
          18          91  0.98483418888256835     
          18          92  0.97926172533903477     
          18          93  0.98540601700958408     
          19          94  0.98468709293295165     
          19          95  0.98249334692197943     
          19          96  0.97885862110176491     
          20          97  0.96415766030839767     
          20          98  0.96731795921729902     
          23          99  0.95664909668299281     
          24         100  0.89514985208527931     
          27         101  0.94769808068179717     
          28         102  0.91848861344798483     
          30         103  0.94111992605094974     
          31         104  0.96435941072214160     
          32         105  0.98303937811216402     
          32         106  0.98388068292896103     
          32         107  0.98457080770948868     
          33         108  0.98512030700210029     
          33         109  0.98553533505222291     
          33         110  0.98300732703230909     
          37         111  0.97010131641915476     
          37         112  0.96618596808363244     
          38         113  0.96161629204491594     
          38         114  0.96528266148127506     
          45         115  0.98027169190199326     
          45         116  0.97967855995409159     
          45         117  0.97191652296854536     
          46         118  0.97754405063517902     
          46         119  0.98107666173314656     
          46         120  0.97329890906392169     
          47         121  0.98526587115307285     
          47         122  0.98152121303249573     
          47         123  0.98362702503552768     
          48         124  0.98509341578488763     
          48         125  0.98158930860138049     
          48         126  0.98058468689569278     
          50         127  0.96327676944655649     
          50         128  0.96374134826393676     
          51         129  0.97152299510903850     
          51         130  0.97101686179613866     
          53         131  0.96956982113875712     
          53         132  0.97194097757838405     
          53         133  0.96581294145893448     
          55         134  0.96631414824131512     
          55         135  0.97332243719974554     
          56         136  0.95593780812720985     
          57         137  0.96782854561834430     
          57         138  0.95789400867170604     
          59         139  0.96706965536840295     
          59         140  0.95106428924513509     
          60         141  0.96604900976872832     
          60         142  0.97002052625738355     
          63         143  0.96529039152454899     
          63         144  0.96802978310558774     
          64         145  0.97723611030978652     
          64         146  0.97323562474701786     
          65         147  0.97377394973367237     
          65         148  0.97610938365780908     
          69         149  0.96346709743155989     
          70         150  0.96527874116601353     
          72         151  0.95876555460388901     
