   -0.11787070
    0.11588213
   -0.31472876
    0.04460452
    0.08731537
   -0.21612710
    0.05683057
   -0.04320196
   -0.01695523
   -0.00123690
    0.01988498
   -0.04599635
    0.00628128
   -0.11027887
   -0.03726689
   -0.06845805
    0.02281107
   -0.11300772
   -0.11302768
    0.07596121
   -0.25114133
    0.35093293
    0.02824318
   -0.19534745
   -0.02026938
    0.24224829
    0.02884237
   -0.16420223
    0.27077426
    0.00324772
   -0.01231830
   -0.10965924
   -0.11092434
   -0.07924303
    0.25075559
    0.15466636
   -0.06361859
    0.00368915
   -0.09619048
    0.28868335
   -0.07591994
   -0.02642148
    0.10218147
   -0.17214748
   -0.03182819
   -0.03372253
   -0.10905090
   -0.10865716
   -0.44278375
    0.00168833
   -0.06638370
   -0.46290962
   -0.04813054
   -0.44457096
   -0.06788545
    0.11238904
    0.00917683
   -0.15795895
    0.00607733
    0.07740527
   -0.32220407
   -0.43740405
   -0.01092242
   -0.06190374
   -0.06456407
   -0.41132246
   -0.02505220
    0.02515543
   -0.05255413
   -0.05666917
    0.05260773
   -0.06294509
   -0.27081124
    0.04193903
    0.04057755
    0.07029571
    0.01438131
    0.02686386
    0.05700065
    0.03035190
    0.04293635
    0.03880845
    0.03944147
    0.04752712
    0.04191288
    0.05055650
    0.04498051
    0.04391037
    0.05727885
    0.04485048
    0.03791314
    0.04709451
    0.03781919
    0.04707485
    0.03947365
    0.04330076
    0.06007929
    0.04842681
    0.02819955
    0.19447934
    0.07030296
    0.19828305
    0.08019957
    0.05224476
    0.03500100
    0.04408838
    0.04189251
    0.04585677
    0.04514644
    0.03960685
    0.04805081
    0.06006701
    0.04954170
    0.08135628
    0.04045038
    0.00966725
    0.03985014
    0.04394460
    0.01713312
    0.03911411
    0.04742801
    0.05087119
    0.04430556
    0.04401193
    0.05332757
    0.03756024
    0.05165511
    0.05490359
    0.07161747
    0.05876024
    0.05787575
    0.06786747
    0.07886798
    0.06906783
    0.05042354
    0.02427523
    0.03151815
    0.02329993
    0.04332432
    0.02997768
    0.02269286
    0.05991029
    0.07980014
    0.06557312
    0.04116672
    0.04859735
    0.05805429
    0.04926255
    0.02430070
    0.02896194
    0.01892759
