           1           2  0.99902451884773369     
           2           3  0.96228356714881624     
           3           4  0.99731649836643155     
           2           5  0.97505879116122329     
           5           6   1.4304161947152165     
           6           7   1.4370352604645691     
           5           8  0.11112175059925512     
           7           8   1.4239178946413136     
           8           9   1.4412595681495448     
           5          10   1.3551862506052692     
           7          10  0.11282864442683853     
           9          10   1.4096685446591273     
          10          11   1.0148432520073523     
          11          12   1.1588035817804803     
          12          13  0.99572320294962124     
          13          14   1.0054139113764222     
          11          15   1.5218820813777432     
          15          16   1.0189140958497762     
          16          17  0.96553950199072769     
          17          18  0.99806551626249584     
          17          19  0.99767672969155574     
          17          20  0.98185908666255040     
          20          21  0.92564487925613104     
          21          22   1.1644544624940714     
          22          23  0.94309294288753198     
          23          24  0.99603943712572796     
          24          25   1.0071976271395169     
          25          26   1.2520391275711771     
          26          27  0.92126185147715567     
          27          28  0.98024060795428736     
          28          29   1.2879589846172297     
          29          30  0.92868729722057430     
          30          31  0.97672461280200373     
          31          32   1.0088054229574568     
          31          33   1.0058862544863036     
          30          34  0.95590029721629000     
          34          35   1.2903727243001630     
          35          36  0.92741900432881230     
          36          37  0.96894485697618993     
          37          38  0.99430366216518695     
          38          39  0.99286226563496205     
          39          40   1.2134378193128570     
          40          41   1.0233377396663512     
          41          42   2.7555871498169497     
          42          43   1.0127984538852746     
          43          44  0.96207628181838467     
          44          45   1.0161542461366222     
          44          46   1.0131653056833585     
          43          47  0.97717598968757491     
          43          48  0.97474233041814085     
          39          49  0.19564692592216601     
          40          49   1.6400843717257192     
          39          50  0.99702216267084554     
          36          51  0.98159349402688911     
          50          51  0.99576696306862988     
          34          52  0.19959856826073455     
          35          52   1.6321711729046988     
          34          53  0.99165354248353232     
          28          54  0.20164050872250017     
          29          54   1.6548628923269324     
          27          55  0.98944703296273073     
          55          56  0.99025402743929469     
          56          57  0.97906041428251211     
          57          58   1.0044153458574867     
          58          59  0.98810404450464595     
          59          60  0.99476931352935982     
          56          61  0.97610178913740708     
          60          61  0.98387985301930037     
          25          62  0.20230941080646400     
          26          62   1.6683987916842180     
          25          63  0.97473053596409998     
          63          64  0.99620540599267293     
          23          65  0.98555367501912139     
          64          65   1.0066457296586868     
          21          66  0.18021892785991289     
          22          66   1.7396166976160792     
          15          67   1.2090740697565048     
          12          68   1.1579223767913254     
          67          68   1.2461687229224123     
          68          69   1.3287105422507679     
          69          70   1.5091560585566415     
          58          71   1.0589119075972790     
          70          71   1.3065116841757904     
          67          72   1.3217954012877631     
          69          72  0.10359561081779985     
          71          72   1.4418765609658679     
          36          73  0.90432561938276146     
           1          74  0.98507887031665886     
           1          75  0.98350361961787092     
           1          76  0.98274621526686334     
           2          77  0.95327924685909560     
           4          78  0.97563895502018005     
           4          79  0.97853250625537902     
           4          80  0.97652367915539662     
           7          81  0.96316261834534123     
           8          82  0.96942031283545715     
           9          83  0.96625875646627102     
          13          84  0.96852386235937049     
          13          85  0.96980080514431621     
          14          86  0.98579055226294465     
          14          87  0.98505644689070859     
          14          88  0.98571586876951756     
          16          89  0.96585398280551571     
          16          90  0.96746077173056455     
          18          91  0.98358033956358071     
          18          92  0.98173083648920267     
          18          93  0.98496063551710966     
          19          94  0.98430742773468549     
          19          95  0.98490262243073190     
          19          96  0.98507107615689771     
          20          97  0.96250208661525449     
          20          98  0.96614773136685950     
          23          99  0.92817836698533662     
          24         100  0.90896886164910318     
          27         101  0.93995304172034422     
          28         102  0.92511550589976954     
          30         103  0.94645070619352056     
          31         104  0.96052442946237493     
          32         105  0.98560130285122960     
          32         106  0.98525326000085378     
          32         107  0.98608200283995495     
          33         108  0.98531416146592732     
          33         109  0.98475776171817331     
          33         110  0.98614802720639128     
          37         111  0.97229141339156344     
          37         112  0.97321221350291942     
          38         113  0.96551394946012470     
          38         114  0.96285379317304409     
          45         115  0.98064061513849365     
          45         116  0.97339253874918041     
          45         117  0.97939773969819022     
          46         118  0.97976516842530215     
          46         119  0.97524971526814752     
          46         120  0.98103663777487016     
          47         121  0.98341602021115337     
          47         122  0.98285427395768277     
          47         123  0.98386918653960609     
          48         124  0.98416340277232361     
          48         125  0.98276231745827836     
          48         126  0.98357079505303202     
          50         127  0.96476960022061098     
          50         128  0.96187363499568457     
          51         129  0.97001675690985301     
          51         130  0.97077589123596897     
          53         131  0.97581064048285548     
          53         132  0.97313336500722647     
          53         133  0.97346765980837302     
          55         134  0.96825365456220336     
          55         135  0.97144067507863319     
          56         136  0.95601654193149710     
          57         137  0.97159679875789828     
          57         138  0.95393811166421183     
          59         139  0.96973857796575547     
          59         140  0.96409505382481675     
          60         141  0.96600277665766465     
          60         142  0.96531480133935399     
          63         143  0.96625066607293308     
          63         144  0.96952442987824916     
          64         145  0.97764309865134469     
          64         146  0.97469904799084017     
          65         147  0.97566510155122010     
          65         148  0.97380966508873501     
          69         149  0.96643586233952172     
          70         150  0.96735485317724623     
          72         151  0.96233903046699232     
