   -0.11615023
    0.11590964
   -0.31505470
    0.04439044
    0.08814297
   -0.21273677
    0.05656967
   -0.04214631
   -0.01669363
   -0.00187839
    0.01939788
   -0.03729863
   -0.00471902
   -0.11128763
   -0.04868750
   -0.06623000
    0.02316205
   -0.11881775
   -0.10751527
    0.06570875
   -0.25475577
    0.35342705
    0.02669022
   -0.20023180
   -0.02160723
    0.24022687
    0.02579247
   -0.16509418
    0.27181389
    0.00874605
   -0.01521567
   -0.11034017
   -0.11353762
   -0.06998190
    0.24836220
    0.15262414
   -0.06736772
    0.00708726
   -0.09431276
    0.29027887
   -0.07731535
   -0.02628252
    0.10290406
   -0.17262566
   -0.03212419
   -0.03377742
   -0.10843686
   -0.10951399
   -0.45867675
   -0.00071829
   -0.06510777
   -0.46642063
   -0.05499123
   -0.46133092
   -0.07362312
    0.11040537
    0.00990699
   -0.16934969
    0.00017733
    0.07879531
   -0.32152168
   -0.43919499
   -0.01012246
   -0.06230934
   -0.06613407
   -0.40121631
   -0.02954237
    0.03287733
   -0.04616266
   -0.05748747
    0.04976311
   -0.07160900
   -0.26998154
    0.04024754
    0.03769344
    0.06983542
    0.01718364
    0.02242897
    0.05898237
    0.03165593
    0.04116486
    0.03695699
    0.03500893
    0.03941036
    0.08478946
    0.04921007
    0.04071967
    0.04266249
    0.04740265
    0.03223558
    0.03598985
    0.05606642
    0.04338021
    0.04574221
    0.03535132
    0.04373983
    0.06137377
    0.06173456
    0.02385180
    0.19039052
    0.06354424
    0.20377090
    0.08064339
    0.04747261
    0.04413230
    0.04369730
    0.04187451
    0.05088619
    0.04077748
    0.04157220
    0.05904863
    0.05516210
    0.07613770
    0.04866953
    0.03932625
    0.01714013
    0.03908216
    0.04090517
    0.03882778
    0.02051351
    0.04200246
    0.05350090
    0.04470916
    0.04173657
    0.04179815
    0.05425669
    0.05738553
    0.05682461
    0.05951000
    0.06882807
    0.05868009
    0.07202015
    0.08386799
    0.08259982
    0.04860413
    0.02433343
    0.03496289
    0.02627962
    0.03582106
    0.04970930
    0.02440113
    0.05178238
    0.07913249
    0.06472267
    0.04158630
    0.04941919
    0.06555502
    0.05287663
    0.03242544
    0.02554084
    0.03081134
