           1           2  0.99427583864992641     
           2           3  0.96062892458178306     
           3           4  0.99759687553399023     
           2           5  0.97571729007384844     
           5           6   1.4271436725845279     
           6           7   1.4419858144814477     
           5           8  0.11006465357187380     
           7           8   1.4167934169998919     
           8           9   1.4499975486296723     
           5          10   1.3552857861289471     
           7          10  0.11006102045201353     
           9          10   1.3963117762647577     
          10          11   1.0278644666856565     
          11          12   1.1650457990877690     
          12          13  0.98865070232128571     
          13          14   1.0088445273961260     
          11          15   1.5076807286769838     
          15          16   1.0175078349503859     
          16          17  0.96796904640608450     
          17          18  0.99867206748516824     
          17          19  0.99828678424535833     
          17          20  0.96980967313080235     
          20          21  0.92781277823749997     
          21          22   1.1617543229888290     
          22          23  0.93695488620387779     
          23          24  0.98436624232272429     
          24          25   1.0058140388665429     
          25          26   1.2594688089967156     
          26          27  0.91961781153828648     
          27          28  0.97429800374795894     
          28          29   1.2982893556468014     
          29          30  0.93767656383334086     
          30          31  0.96253081901891235     
          31          32   1.0072374252211769     
          31          33   1.0077271043513956     
          30          34  0.96827118498113562     
          34          35   1.2969590543459346     
          35          36  0.92551399617074848     
          36          37  0.97326497633962505     
          37          38  0.99268120875687660     
          38          39  0.99104315532516662     
          39          40   1.2265318660232203     
          40          41   1.0297322069118688     
          41          42   2.7479325040186398     
          42          43   1.0138744611462420     
          43          44  0.96340495206113119     
          44          45   1.0137608713312956     
          44          46   1.0132477129736959     
          43          47  0.97449334083643291     
          43          48  0.97514636875628002     
          39          49  0.19117852909074864     
          40          49   1.6150170867921152     
          39          50  0.99560537227619894     
          36          51  0.98216757535755050     
          50          51  0.99535462196078084     
          34          52  0.20188686541932813     
          35          52   1.6226436324432645     
          34          53  0.99372425636347506     
          28          54  0.19758514717336950     
          29          54   1.6254638420013188     
          27          55  0.99120370417058357     
          55          56  0.98674047680481780     
          56          57  0.98400208921194665     
          57          58   1.0020873569285873     
          58          59  0.98257085971563540     
          59          60  0.99524930512116216     
          56          61  0.97375487622135870     
          60          61  0.98373477534707154     
          25          62  0.20464541694829672     
          26          62   1.6604150164386695     
          25          63  0.97321894196421765     
          63          64  0.99640792130625622     
          23          65  0.99246590029646553     
          64          65   1.0083441044997894     
          21          66  0.18211893220885514     
          22          66   1.7524950680645017     
          15          67   1.2098701079371170     
          12          68   1.1675244445760387     
          67          68   1.2456461763838955     
          68          69   1.3255318305276613     
          69          70   1.5099962695624627     
          58          71   1.0470042639903538     
          70          71   1.3107762587240350     
          67          72   1.3193267310228916     
          69          72  0.10497011199054872     
          71          72   1.4445830095307830     
          36          73  0.90411979656561670     
           1          74  0.98387168547610482     
           1          75  0.98357123896646659     
           1          76  0.98212219514217014     
           2          77  0.95218925215423267     
           4          78  0.97570854427411902     
           4          79  0.97833809762551038     
           4          80  0.97635881671495128     
           7          81  0.96328315457750224     
           8          82  0.96946051320916249     
           9          83  0.96755681995678589     
          13          84  0.97025801473292994     
          13          85  0.95525605626610732     
          14          86  0.98239102667658962     
          14          87  0.98154562114833876     
          14          88  0.98500273374320679     
          16          89  0.96515119271074623     
          16          90  0.96760047294313978     
          18          91  0.98432742274098828     
          18          92  0.97492964282702688     
          18          93  0.98387037265637911     
          19          94  0.98324916921844818     
          19          95  0.98553677079054358     
          19          96  0.98385757976029309     
          20          97  0.96586757397408196     
          20          98  0.96369336971900610     
          23          99  0.94088922515624840     
          24         100  0.90162141257834150     
          27         101  0.94547798669604766     
          28         102  0.92434015391946978     
          30         103  0.94655244181271891     
          31         104  0.96487441626343906     
          32         105  0.98493992698572208     
          32         106  0.98566097314425383     
          32         107  0.98345702713456740     
          33         108  0.98393582077741293     
          33         109  0.98452932076207644     
          33         110  0.98530149017576951     
          37         111  0.96618556863479399     
          37         112  0.96356264376289269     
          38         113  0.96319911750609810     
          38         114  0.96708258992506924     
          45         115  0.97982042178961803     
          45         116  0.97443773490297303     
          45         117  0.98105002478947934     
          46         118  0.98001374623463255     
          46         119  0.98102476096388747     
          46         120  0.97491287383060798     
          47         121  0.98417647654235885     
          47         122  0.98234134820759700     
          47         123  0.98370305104457545     
          48         124  0.98429075680652589     
          48         125  0.98356019887597756     
          48         126  0.98275945074244164     
          50         127  0.96387868298601231     
          50         128  0.96501095303811057     
          51         129  0.97217114481020706     
          51         130  0.96984438395024131     
          53         131  0.97065077010840206     
          53         132  0.97132804423661578     
          53         133  0.96687251812711583     
          55         134  0.96655178557158794     
          55         135  0.97434472618340684     
          56         136  0.95705631720624784     
          57         137  0.97014539712511583     
          57         138  0.95485349350326576     
          59         139  0.97139631319034914     
          59         140  0.95505867128475019     
          60         141  0.96612735800386873     
          60         142  0.97003999748212799     
          63         143  0.96593666687771917     
          63         144  0.96928225808749702     
          64         145  0.97728548421298467     
          64         146  0.97424046119400642     
          65         147  0.97359634913818061     
          65         148  0.97400300483750091     
          69         149  0.96419854615614731     
          70         150  0.96821699379659154     
          72         151  0.95876762938943894     
