   -0.11581275
    0.11615880
   -0.31414307
    0.04336536
    0.08749152
   -0.21296377
    0.05672704
   -0.04316055
   -0.01867279
   -0.00256190
    0.01873460
   -0.04527988
    0.00359532
   -0.10987532
   -0.03848826
   -0.07055748
    0.02308757
   -0.11344197
   -0.11281327
    0.07570889
   -0.24995586
    0.35129069
    0.02843272
   -0.19557484
   -0.02093340
    0.24231956
    0.02872432
   -0.16665595
    0.27082443
    0.00356459
   -0.01209059
   -0.11007517
   -0.11108301
   -0.07987828
    0.25107838
    0.15546054
   -0.06370489
    0.00365907
   -0.09599005
    0.28864461
   -0.07583524
   -0.02667990
    0.10220722
   -0.17212872
   -0.03192448
   -0.03372511
   -0.10898634
   -0.10868056
   -0.44282114
    0.00159107
   -0.06700558
   -0.46568690
   -0.04811290
   -0.44472446
   -0.06828233
    0.11265137
    0.00842253
   -0.15704065
    0.00555768
    0.07788542
   -0.32325057
   -0.43696664
   -0.01078403
   -0.06186273
   -0.06479303
   -0.41256907
   -0.02442834
    0.02587957
   -0.05200701
   -0.05620807
    0.05326405
   -0.06219551
   -0.27045429
    0.04089241
    0.07058880
    0.03559121
    0.01439660
    0.02641924
    0.05698262
    0.03219348
    0.04260937
    0.03831134
    0.03755555
    0.04532655
    0.05043182
    0.04940129
    0.04117438
    0.04530122
    0.06118330
    0.04244292
    0.04695053
    0.03942742
    0.04518909
    0.03750692
    0.04647354
    0.03817986
    0.06006354
    0.04834344
    0.02807665
    0.19398267
    0.07053076
    0.20126830
    0.08005700
    0.05215541
    0.03571912
    0.04413229
    0.04132886
    0.03913279
    0.04572322
    0.04650688
    0.04852246
    0.06087848
    0.04938899
    0.08148466
    0.01034507
    0.03957610
    0.04037919
    0.04381267
    0.01759909
    0.03904573
    0.04757509
    0.05082484
    0.04400590
    0.04370695
    0.05335273
    0.03722615
    0.05148203
    0.05510167
    0.07158655
    0.06011235
    0.05939306
    0.06783438
    0.07752470
    0.06954157
    0.05109435
    0.02361646
    0.03157495
    0.02544403
    0.04349713
    0.03118844
    0.02261910
    0.05941277
    0.07973320
    0.06543468
    0.04120476
    0.04832734
    0.05824531
    0.04897873
    0.02442743
    0.02927773
    0.01861253
