           1           2  0.99482372806356445     
           2           3  0.96306534228068430     
           3           4  0.99640966134409181     
           2           5  0.97595938762009193     
           5           6   1.4256361850213253     
           6           7   1.4433054447885969     
           5           8  0.11000953014244355     
           7           8   1.4163490434507784     
           8           9   1.4491825850959092     
           5          10   1.3594038181291237     
           7          10  0.11080095922457978     
           9          10   1.3956223447651355     
          10          11   1.0252122769677061     
          11          12   1.1567983750689252     
          12          13  0.99563410258306062     
          13          14   1.0047420296343332     
          11          15   1.5137097985510026     
          15          16   1.0197986188553452     
          16          17  0.96457263267195925     
          17          18  0.99772816895657024     
          17          19  0.99819780514402634     
          17          20  0.98162856094441930     
          20          21  0.92569052892170678     
          21          22   1.1661467790521807     
          22          23  0.94259469684507868     
          23          24  0.99526087255809237     
          24          25   1.0069670799612715     
          25          26   1.2509233798580812     
          26          27  0.92140763074840759     
          27          28  0.98029611049043652     
          28          29   1.2884503462107846     
          29          30  0.92797185796780579     
          30          31  0.97841595919772284     
          31          32   1.0086266529889061     
          31          33   1.0056864522531985     
          30          34  0.95471784488235434     
          34          35   1.2919234404074789     
          35          36  0.92927266002697284     
          36          37  0.96806468977553428     
          37          38  0.99455321257543572     
          38          39  0.99275646703168374     
          39          40   1.2137492792852869     
          40          41   1.0231669010168321     
          41          42   2.7560542387767430     
          42          43   1.0126540506458761     
          43          44  0.96226522091269973     
          44          45   1.0159316355266335     
          44          46   1.0131037914993219     
          43          47  0.97722303047571524     
          43          48  0.97475357932833151     
          39          49  0.19584804264588443     
          40          49   1.6400572075044726     
          39          50  0.99689902583491086     
          36          51  0.98075367481779863     
          50          51  0.99603274635663641     
          34          52  0.19778979981434477     
          35          52   1.6271262607113381     
          34          53  0.99097251412715037     
          28          54  0.20175087528922903     
          29          54   1.6549704657124755     
          27          55  0.98942034263387413     
          55          56  0.99044796005679803     
          56          57  0.97927497506927508     
          57          58   1.0039098898903618     
          58          59  0.98799557634199742     
          59          60  0.99490338996975769     
          56          61  0.97543305938111002     
          60          61  0.98360979166359153     
          25          62  0.20195671771790080     
          26          62   1.6693061737241690     
          25          63  0.97480826399961096     
          63          64  0.99627495616080086     
          23          65  0.98667992286863770     
          64          65   1.0066525874394709     
          21          66  0.18052872254669225     
          22          66   1.7376501636349975     
          15          67   1.2109249618254454     
          12          68   1.1582130531858879     
          67          68   1.2463103181441193     
          68          69   1.3279987421930144     
          69          70   1.5106713164485579     
          58          71   1.0608958607011030     
          70          71   1.3046318205703518     
          67          72   1.3207538283696865     
          69          72  0.10354055628381374     
          71          72   1.4421530064986003     
          36          73  0.90503744177031298     
           1          74  0.98340853567843001     
           1          75  0.98230985329635023     
           1          76  0.98437813861547585     
           2          77  0.95435362620592268     
           4          78  0.97589436675510066     
           4          79  0.97869511384442709     
           4          80  0.97651251883267498     
           7          81  0.96316652391507351     
           8          82  0.96938091475514887     
           9          83  0.96804420406466118     
          13          84  0.96792070957258236     
          13          85  0.96870289065130977     
          14          86  0.98638414202656333     
          14          87  0.98552586369891904     
          14          88  0.98496943532508130     
          16          89  0.96256226629067898     
          16          90  0.96805084919202300     
          18          91  0.98431036296048158     
          18          92  0.98485434792679460     
          18          93  0.98484926579380128     
          19          94  0.98383047899791665     
          19          95  0.98243561328140883     
          19          96  0.98494438146436991     
          20          97  0.96283634117297656     
          20          98  0.96596102151517749     
          23          99  0.92808672979466356     
          24         100  0.90920549649362725     
          27         101  0.93985889303692349     
          28         102  0.92156952070983866     
          30         103  0.94628039160162503     
          31         104  0.96025652666085692     
          32         105  0.98553483766936767     
          32         106  0.98528349898336209     
          32         107  0.98615426095796987     
          33         108  0.98619623892797259     
          33         109  0.98530671608251319     
          33         110  0.98476663975987133     
          37         111  0.97288919605761814     
          37         112  0.97317596775340598     
          38         113  0.96540141771966703     
          38         114  0.96276826808141314     
          45         115  0.97380016215518750     
          45         116  0.97939389956039036     
          45         117  0.98068645820913414     
          46         118  0.97978470294547271     
          46         119  0.97529849204836261     
          46         120  0.98103119167509356     
          47         121  0.98339145159127983     
          47         122  0.98284042000929617     
          47         123  0.98390445001231819     
          48         124  0.98422558392210280     
          48         125  0.98280677011268991     
          48         126  0.98351855786929154     
          50         127  0.96468834843100448     
          50         128  0.96209440571663241     
          51         129  0.96992954313831148     
          51         130  0.97028829477826073     
          53         131  0.97602648553944804     
          53         132  0.97319811500276965     
          53         133  0.97355074648944706     
          55         134  0.96804243647218879     
          55         135  0.97144041369503520     
          56         136  0.95604032201194455     
          57         137  0.97153657780117730     
          57         138  0.95357529366030380     
          59         139  0.96957482600325151     
          59         140  0.96404729997585603     
          60         141  0.96577818965706119     
          60         142  0.96549488487349655     
          63         143  0.96623888733704788     
          63         144  0.96958283161829462     
          64         145  0.97761723164037950     
          64         146  0.97476574961738027     
          65         147  0.97557465172262481     
          65         148  0.97377790735233893     
          69         149  0.96609816516299407     
          70         150  0.96723477636335042     
          72         151  0.96239830457998865     
