   -0.11834047
    0.10983539
   -0.31736705
    0.04395444
    0.08619568
   -0.23710109
    0.05726895
   -0.04367831
   -0.01477727
    0.00708777
    0.02629207
   -0.02592912
   -0.00211366
   -0.10928134
   -0.03954482
   -0.07229876
    0.02275929
   -0.10672422
   -0.11222629
    0.06473376
   -0.25786353
    0.35285410
    0.02667652
   -0.19488814
   -0.02290697
    0.24203932
    0.02627013
   -0.16441866
    0.27184651
    0.00937779
   -0.01468860
   -0.11080774
   -0.11261960
   -0.07254751
    0.24810079
    0.15245797
   -0.06454191
   -0.00246418
   -0.08848470
    0.29060716
   -0.07408626
   -0.01556552
    0.10118721
   -0.17347331
   -0.03115574
   -0.03094826
   -0.10440941
   -0.10857335
   -0.45636841
    0.00120753
   -0.06900195
   -0.46541314
   -0.05757598
   -0.46178826
   -0.07243804
    0.11066030
    0.01030620
   -0.16715234
    0.00057849
    0.07881388
   -0.31943875
   -0.43759320
   -0.01024346
   -0.06268346
   -0.06630372
   -0.40300810
   -0.02852375
    0.03375345
   -0.04679245
   -0.05950927
    0.04690096
   -0.07315785
   -0.27133635
    0.07493155
    0.03893416
    0.03966752
    0.03811002
    0.05314644
    0.02749861
    0.02979564
    0.03877423
    0.03642067
    0.03530574
    0.04429421
    0.07583782
    0.04707732
    0.03729412
    0.04120816
    0.04421996
    0.05743405
    0.04008029
    0.03814414
    0.04581671
    0.03463368
    0.04256695
    0.04187300
    0.05801307
    0.06474013
    0.02590384
    0.18719120
    0.06316604
    0.20458178
    0.07837626
    0.04803259
    0.04377756
    0.04213762
    0.04326092
    0.04171491
    0.04975640
    0.04118649
    0.06096273
    0.06627975
    0.05652894
    0.05918505
    0.04120890
    0.01195201
    0.03825564
    0.03690128
    0.01324726
    0.04326163
    0.03782687
    0.03871535
    0.03932125
    0.04453609
    0.04965270
    0.04202265
    0.04903349
    0.09328080
    0.05911966
    0.05650493
    0.06038185
    0.07472403
    0.08031608
    0.08157897
    0.04579655
    0.02381330
    0.03521872
    0.02558341
    0.03384186
    0.04923173
    0.02354427
    0.05253902
    0.07899050
    0.06519476
    0.04215179
    0.04942879
    0.06356868
    0.05572956
    0.02792994
    0.02038873
    0.02773533
