           1           2  0.98216567905313656     
           2           3  0.96375317711712416     
           3           4  0.99964819658969184     
           2           5  0.98254656057577339     
           5           6   1.4145172798494685     
           6           7   1.4426673858905985     
           5           8  0.10808874382155460     
           7           8   1.4171727151616886     
           8           9   1.4492530775428760     
           5          10   1.3623547359262598     
           7          10  0.11153040733394398     
           9          10   1.3960078175714650     
          10          11   1.0185878803960386     
          11          12   1.1692493147293950     
          12          13  0.99317788161883014     
          13          14   1.0060866515696891     
          11          15   1.5116435116612661     
          15          16   1.0180363162848196     
          16          17  0.96840557745314226     
          17          18  0.99884305587246025     
          17          19  0.99718721869572136     
          17          20  0.97042973788263631     
          20          21  0.92631818064975946     
          21          22   1.1598263969912146     
          22          23  0.94003441311729985     
          23          24  0.98782505079653915     
          24          25   1.0053200285119428     
          25          26   1.2547355424465592     
          26          27  0.92070290732085236     
          27          28  0.97512220342511213     
          28          29   1.2959088593311809     
          29          30  0.93485395920262215     
          30          31  0.96636283701418113     
          31          32   1.0071847925621680     
          31          33   1.0068859491184941     
          30          34  0.96473919407650577     
          34          35   1.2938835890055027     
          35          36  0.92636664999427509     
          36          37  0.98302873777689737     
          37          38  0.99652946917140073     
          38          39  0.99509502829346108     
          39          40   1.2364199540978453     
          40          41   1.0239824583492267     
          41          42   2.7597970217800354     
          42          43   1.0174944221371347     
          43          44  0.97100514367218338     
          44          45   1.0170389554481691     
          44          46   1.0154007387301200     
          43          47  0.96302554734803814     
          43          48  0.97388499932782324     
          39          49  0.19455470081176054     
          40          49   1.6138037299358452     
          39          50  0.98909257547562357     
          36          51  0.97360966364295964     
          50          51  0.99312515649394983     
          34          52  0.20152162567647650     
          35          52   1.6241796476935593     
          34          53  0.99467576518962164     
          28          54  0.19867963012826600     
          29          54   1.6338301020842561     
          27          55  0.99161579338151740     
          55          56  0.98651802469782457     
          56          57  0.98292083963049370     
          57          58   1.0027485434428214     
          58          59  0.98460947863308779     
          59          60  0.99492247960143576     
          56          61  0.97506430306274561     
          60          61  0.98399366953437795     
          25          62  0.20317265314567362     
          26          62   1.6654798074657582     
          25          63  0.97333890442708182     
          63          64  0.99626842134067928     
          23          65  0.99109988645685321     
          64          65   1.0083941535613448     
          21          66  0.18027643433297241     
          22          66   1.7497530991853119     
          15          67   1.2130052943699634     
          12          68   1.1714174631526919     
          67          68   1.2422188082015495     
          68          69   1.3259101303413834     
          69          70   1.5092413494285344     
          58          71   1.0503210222358632     
          70          71   1.3089641105551064     
          67          72   1.3163366293704926     
          69          72  0.10343120827544557     
          71          72   1.4398608074013217     
          36          73  0.90108449772304533     
           1          74  0.97404015337493499     
           1          75  0.98512242585017828     
           1          76  0.98284038516043593     
           2          77  0.95756435295023723     
           4          78  0.97815279070252048     
           4          79  0.97617150044399703     
           4          80  0.97544785835878411     
           7          81  0.96335449955922425     
           8          82  0.96934385518585264     
           9          83  0.96507521232702098     
          13          84  0.96958050727208400     
          13          85  0.96027788257354252     
          14          86  0.98531489898634017     
          14          87  0.98514993373325233     
          14          88  0.98560238060966365     
          16          89  0.96790423878219367     
          16          90  0.96329545647335491     
          18          91  0.98499277819001652     
          18          92  0.98530673092325705     
          18          93  0.98349220112722580     
          19          94  0.98214185887404237     
          19          95  0.98435354616769066     
          19          96  0.98411828845811278     
          20          97  0.96584234776278044     
          20          98  0.96182729459773586     
          23          99  0.93575606990883542     
          24         100  0.91083073034433515     
          27         101  0.94405882456047951     
          28         102  0.92410384079139751     
          30         103  0.94866001508653497     
          31         104  0.96444610190617208     
          32         105  0.98560475849870921     
          32         106  0.98316898201880210     
          32         107  0.98515337977896444     
          33         108  0.98557955771576533     
          33         109  0.98436649383976915     
          33         110  0.98426294487379717     
          37         111  0.97205207190602216     
          37         112  0.96925212247082237     
          38         113  0.96368967719562670     
          38         114  0.96327866380943172     
          45         115  0.97974515674705465     
          45         116  0.97214743460595732     
          45         117  0.98037260899266743     
          46         118  0.98110070510611136     
          46         119  0.97305197185577286     
          46         120  0.97714290687236849     
          47         121  0.98154316865457181     
          47         122  0.98535833273696483     
          47         123  0.98493117664798013     
          48         124  0.98071729332014812     
          48         125  0.98536974218478923     
          48         126  0.98471541959908926     
          50         127  0.96467672423360573     
          50         128  0.95799125831744403     
          51         129  0.96287001102695069     
          51         130  0.96609031099782783     
          53         131  0.97072700691466951     
          53         132  0.97159942023914714     
          53         133  0.96583571959915160     
          55         134  0.96688649648992686     
          55         135  0.97447459965909033     
          56         136  0.95689080847296359     
          57         137  0.96970596259720954     
          57         138  0.95647084232012669     
          59         139  0.97107416487713416     
          59         140  0.95285983742980274     
          60         141  0.96606528308803030     
          60         142  0.97004600298028498     
          63         143  0.96609677098758640     
          63         144  0.96958719110958402     
          64         145  0.97725602997006722     
          64         146  0.97434478725974971     
          65         147  0.97414046881869942     
          65         148  0.97349127189808193     
          69         149  0.96641510047100687     
          70         150  0.96807751815727872     
          72         151  0.95951061141315830     
