   -0.11505531
    0.11221950
   -0.32015434
    0.04344336
    0.08886526
   -0.23229166
    0.05771643
   -0.04370583
   -0.01759023
    0.00551611
    0.02462797
   -0.02096677
    0.00193705
   -0.10988050
   -0.04754945
   -0.06986314
    0.02028907
   -0.10832809
   -0.11469285
    0.06706136
   -0.24779385
    0.35500836
    0.01941784
   -0.18292045
   -0.01721288
    0.23872340
    0.02220952
   -0.17969447
    0.27079159
    0.00043859
   -0.01183161
   -0.10939367
   -0.11504953
   -0.06962430
    0.24722046
    0.15247063
   -0.06442053
    0.00340888
   -0.09653872
    0.28889914
   -0.07531145
   -0.02517569
    0.10232803
   -0.17456175
   -0.03231180
   -0.03069245
   -0.10894424
   -0.10814440
   -0.44402880
    0.00381860
   -0.06343463
   -0.46152867
   -0.04867181
   -0.43965186
   -0.07441886
    0.10922601
    0.00133182
   -0.16172361
   -0.00025563
    0.08182813
   -0.33256054
   -0.45614852
   -0.01047043
   -0.06239232
   -0.06389971
   -0.40945723
   -0.02128034
    0.03273852
   -0.04818504
   -0.05406835
    0.05310125
   -0.05788519
   -0.26634684
    0.05769314
    0.04098499
    0.04257429
    0.03486469
    0.05490621
    0.03247331
    0.02765737
    0.04164919
    0.03782913
    0.03759791
    0.05130034
    0.05471105
    0.03978121
    0.05429124
    0.04166150
    0.03762334
    0.04770131
    0.04129151
    0.03992015
    0.04725692
    0.03657975
    0.03632045
    0.04280005
    0.06910639
    0.04553874
    0.05218368
    0.16432753
    0.06916317
    0.20226045
    0.08504734
    0.03832567
    0.04677590
    0.03662931
    0.04472702
    0.04520268
    0.04780508
    0.04357081
    0.07000088
    0.05625992
    0.05238129
    0.05378454
    0.03808905
    0.04402542
    0.01101381
    0.03854192
    0.00671914
    0.04319938
    0.04391428
    0.05206653
    0.04695945
    0.05167081
    0.04227746
    0.04661551
    0.08014679
    0.05058614
    0.04551946
    0.05796379
    0.07470209
    0.05351306
    0.08018755
    0.05414768
    0.04851068
    0.03294215
    0.06074884
    0.03541614
    0.04451574
    0.03120355
    0.04254377
    0.01647465
    0.08354863
    0.06327174
    0.04547603
    0.05076911
    0.05426271
    0.05645351
    0.02641991
    0.03627232
    0.02822317
