           1           2  0.98323700321867236     
           2           3  0.96893018314505153     
           3           4  0.99586383086988972     
           2           5  0.98185593805910953     
           5           6   1.4218602087144381     
           6           7   1.4379909799460973     
           5           8  0.10955149519086418     
           7           8   1.4232426546240202     
           8           9   1.4396612182879855     
           5          10   1.3580754606150145     
           7          10  0.11259937497836968     
           9          10   1.4049567683329114     
          10          11   1.0127344412729054     
          11          12   1.1761804063157104     
          12          13  0.99457683627584659     
          13          14   1.0048091847976193     
          11          15   1.5068970733494937     
          15          16   1.0191805085951609     
          16          17  0.96216083035751021     
          17          18   1.0002123415682977     
          17          19  0.99910862143366752     
          17          20  0.97630763412655663     
          20          21  0.92726167385398472     
          21          22   1.1687632969334318     
          22          23  0.94006291917129436     
          23          24  0.99109719311807809     
          24          25   1.0050247294284886     
          25          26   1.2699096951273343     
          26          27  0.93738205083716331     
          27          28  0.99497592246932265     
          28          29   1.2623503343437650     
          29          30  0.93772864415750579     
          30          31  0.95653910967103417     
          31          32   1.0072860475032004     
          31          33   1.0081501834180315     
          30          34  0.97281991937157453     
          34          35   1.2924053186013440     
          35          36  0.92502522643559371     
          36          37  0.98172182693615762     
          37          38  0.99536342760615071     
          38          39  0.99676252239160246     
          39          40   1.2147682762877496     
          40          41   1.0242635735799335     
          41          42   2.7536466365717764     
          42          43   1.0141767444706340     
          43          44  0.96350493548662564     
          44          45   1.0150638468790003     
          44          46   1.0164836393791945     
          43          47  0.97396289795886237     
          43          48  0.97424385211821818     
          39          49  0.19495348805059773     
          40          49   1.6376656654870656     
          39          50  0.99289299288490618     
          36          51  0.96990475072893712     
          50          51  0.99395050305578347     
          34          52  0.20354355501169491     
          35          52   1.6348317853262067     
          34          53  0.99251465153018081     
          28          54  0.19772617844146489     
          29          54   1.6781108329597485     
          27          55  0.96350331848441917     
          55          56  0.98339568262058585     
          56          57  0.97531060140417525     
          57          58  0.99479960216788332     
          58          59   1.0066741495762370     
          59          60  0.97861305434786661     
          56          61  0.96734844221816230     
          60          61  0.98534049754775754     
          25          62  0.20027028961056667     
          26          62   1.6306505534298146     
          25          63  0.97359305551533570     
          63          64  0.99825850664847759     
          23          65  0.98212667826613198     
          64          65   1.0070075900246589     
          21          66  0.18144841985928109     
          22          66   1.7410685095855980     
          15          67   1.2077746774060758     
          12          68   1.1679529533977597     
          67          68   1.2457945906352583     
          68          69   1.3267868478260636     
          69          70   1.5091053234675373     
          58          71   1.0300504897696250     
          70          71   1.3159130969776702     
          67          72   1.3240982188814092     
          69          72  0.10611012609890427     
          71          72   1.4567861463269212     
          36          73  0.90912894722934501     
           1          74  0.97983602803983416     
           1          75  0.98493676560734933     
           1          76  0.98419628661547409     
           2          77  0.95572605481986539     
           4          78  0.97928038168778375     
           4          79  0.97705898838764449     
           4          80  0.97653062033198879     
           7          81  0.96328961844310512     
           8          82  0.96939747918825636     
           9          83  0.96627229617021038     
          13          84  0.96839483912153934     
          13          85  0.96738007954724403     
          14          86  0.98641819042904721     
          14          87  0.98550034181720003     
          14          88  0.98547922648588071     
          16          89  0.96540272091593382     
          16          90  0.97045888942786640     
          18          91  0.98467967294815084     
          18          92  0.98543530720799399     
          18          93  0.98360400345102017     
          19          94  0.98427347529952414     
          19          95  0.97788666141278691     
          19          96  0.98403559879754920     
          20          97  0.95483504545218256     
          20          98  0.96540077686478720     
          23          99  0.93349543510846211     
          24         100  0.93001357663873896     
          27         101  0.94174056142038953     
          28         102  0.91866682552864254     
          30         103  0.94446663257831198     
          31         104  0.96389756380088720     
          32         105  0.98581280561727302     
          32         106  0.98532674250390828     
          32         107  0.98427313675808570     
          33         108  0.98503772403543088     
          33         109  0.98371720422842202     
          33         110  0.98318416937353548     
          37         111  0.97042686894308894     
          37         112  0.97259783982225434     
          38         113  0.95954061207631314     
          38         114  0.96485747875612016     
          45         115  0.98104767419363170     
          45         116  0.97919871839437633     
          45         117  0.97368680096709970     
          46         118  0.98094302917696752     
          46         119  0.97147287168940899     
          46         120  0.97968423314320607     
          47         121  0.98326132038546987     
          47         122  0.98266992608286718     
          47         123  0.98380732294661088     
          48         124  0.98234820325053385     
          48         125  0.98400247218176196     
          48         126  0.98379122993981927     
          50         127  0.96316759469215418     
          50         128  0.96578714032723401     
          51         129  0.96961004426442954     
          51         130  0.97331728752614477     
          53         131  0.97458487344611378     
          53         132  0.97323941309721318     
          53         133  0.97055420639480805     
          55         134  0.97111268181948240     
          55         135  0.96979780383309677     
          56         136  0.95609438129202451     
          57         137  0.96774404744227349     
          57         138  0.96965870894061146     
          59         139  0.97410850787370296     
          59         140  0.97060377604494552     
          60         141  0.97241133290692527     
          60         142  0.97181731071130284     
          63         143  0.96473847032771465     
          63         144  0.96711959952438009     
          64         145  0.97683624261382851     
          64         146  0.97379103231010133     
          65         147  0.97592079265687848     
          65         148  0.97356781069836673     
          69         149  0.96622369414895104     
          70         150  0.96847290127617636     
          72         151  0.96104490936135334     
