   -0.11843737
    0.10986368
   -0.31717083
    0.04414303
    0.08635183
   -0.23814537
    0.05706067
   -0.04353642
   -0.01568316
    0.00946104
    0.02707719
   -0.03078459
    0.00608924
   -0.11723327
   -0.03661954
   -0.07384584
    0.02275032
   -0.11225051
   -0.10671995
    0.06456662
   -0.25841065
    0.35276317
    0.02670545
   -0.19499107
   -0.02273727
    0.24215514
    0.02624701
   -0.16413051
    0.27151566
    0.00904955
   -0.01466989
   -0.11268829
   -0.11052059
   -0.07259511
    0.24786665
    0.15270804
   -0.06435771
   -0.00237176
   -0.08982713
    0.29019306
   -0.07354328
   -0.01566331
    0.10115160
   -0.17265358
   -0.03107843
   -0.03156662
   -0.10449218
   -0.10896809
   -0.45298717
    0.00174420
   -0.06761093
   -0.46631077
   -0.05777023
   -0.46233504
   -0.07233338
    0.11038565
    0.01088949
   -0.16906427
    0.00226540
    0.07870135
   -0.31986204
   -0.43760382
   -0.01023746
   -0.06273023
   -0.06635286
   -0.40318141
   -0.02751682
    0.03530439
   -0.04499821
   -0.05777516
    0.04695615
   -0.07174564
   -0.27109090
    0.04019269
    0.03815265
    0.07575058
    0.03841551
    0.02687838
    0.02939548
    0.05349540
    0.03818372
    0.03583522
    0.03295607
    0.05257743
    0.03360416
    0.03639605
    0.03840738
    0.07975481
    0.04366825
    0.06144313
    0.03384840
    0.04298435
    0.04221786
    0.04632324
    0.03984839
    0.03818719
    0.05783472
    0.06440617
    0.02633317
    0.18763126
    0.06328026
    0.20527631
    0.07887136
    0.04801013
    0.04126524
    0.04177797
    0.04961243
    0.04366804
    0.04170101
    0.04332882
    0.05982135
    0.06617356
    0.05668745
    0.05795872
    0.01142842
    0.03848579
    0.04074952
    0.01271828
    0.04564567
    0.03693355
    0.03861686
    0.03702804
    0.04030049
    0.04466831
    0.04973444
    0.04105198
    0.04892308
    0.09329731
    0.05805792
    0.05630271
    0.08212882
    0.05927400
    0.07450867
    0.08114235
    0.04586111
    0.02456101
    0.03482976
    0.02429968
    0.03444520
    0.04544897
    0.02394639
    0.05302870
    0.07884245
    0.06512280
    0.04227909
    0.04940849
    0.06324930
    0.05609520
    0.02659789
    0.02419320
    0.02787336
