           1           2  0.98362372934615605     
           2           3  0.96291986846846778     
           3           4  0.99985964460138332     
           2           5  0.98144909576206163     
           5           6   1.4149897662652027     
           6           7   1.4424275258448487     
           5           8  0.10833242248348617     
           7           8   1.4168716138523980     
           8           9   1.4489683694450783     
           5          10   1.3611500897337920     
           7          10  0.11087472199915141     
           9          10   1.3943178884986427     
          10          11   1.0223121152539956     
          11          12   1.1611726384945098     
          12          13  0.99234899918954733     
          13          14   1.0078569763987999     
          11          15   1.5168114938818711     
          15          16   1.0188675206106814     
          16          17  0.96726404410301769     
          17          18  0.99724741857036425     
          17          19  0.99878102131087809     
          17          20  0.97048109188243059     
          20          21  0.92626372060010853     
          21          22   1.1591425660245276     
          22          23  0.94052251310860513     
          23          24  0.98840565916466550     
          24          25   1.0053028540901316     
          25          26   1.2547932850513301     
          26          27  0.92072651910000947     
          27          28  0.97485598472725887     
          28          29   1.2975593600955169     
          29          30  0.93518103942534458     
          30          31  0.96599807539459204     
          31          32   1.0070008716172598     
          31          33   1.0072401901388606     
          30          34  0.96495521614946034     
          34          35   1.2944698938469714     
          35          36  0.92694129813347981     
          36          37  0.98292280352350259     
          37          38  0.99620148901201444     
          38          39  0.99549842348283624     
          39          40   1.2334086505311588     
          40          41   1.0242628420781579     
          41          42   2.7605664757072104     
          42          43   1.0178185470636072     
          43          44  0.97179515100941860     
          44          45   1.0172438335826792     
          44          46   1.0150976588052287     
          43          47  0.96143839783921137     
          43          48  0.97456616239187643     
          39          49  0.19486439232248942     
          40          49   1.6167573660866066     
          39          50  0.98923235258998621     
          36          51  0.97256349128144426     
          50          51  0.99327127418244343     
          34          52  0.20170189853854856     
          35          52   1.6232926404307542     
          34          53  0.99430302202443577     
          28          54  0.19865993159065537     
          29          54   1.6319117002283268     
          27          55  0.99197964295630314     
          55          56  0.98680661388227309     
          56          57  0.98264153717144609     
          57          58   1.0030107974788620     
          58          59  0.98507492729048329     
          59          60  0.99470250184184317     
          56          61  0.97470972950539037     
          60          61  0.98386760612515778     
          25          62  0.20328755071715998     
          26          62   1.6655924501795014     
          25          63  0.97348028251953533     
          63          64  0.99622267728106628     
          23          65  0.99085012897510194     
          64          65   1.0083529335219132     
          21          66  0.17989421100668115     
          22          66   1.7495100097812233     
          15          67   1.2111602652902909     
          12          68   1.1701671632769659     
          67          68   1.2430190528254932     
          68          69   1.3267909813821428     
          69          70   1.5084878270055913     
          58          71   1.0457991490683125     
          70          71   1.3112114000805384     
          67          72   1.3170886249441653     
          69          72  0.10344420514291501     
          71          72   1.4418803452543831     
          36          73  0.90174251733146882     
           1          74  0.98410309431996623     
           1          75  0.98238438097324732     
           1          76  0.97343769277220726     
           2          77  0.95706044204035667     
           4          78  0.97574243086950330     
           4          79  0.97538023127912821     
           4          80  0.97822493282316059     
           7          81  0.96329971316917973     
           8          82  0.96940795926987544     
           9          83  0.96535590247344549     
          13          84  0.96826509199645194     
          13          85  0.96426088796557308     
          14          86  0.98502660698976596     
          14          87  0.98417066794661756     
          14          88  0.97516396254579374     
          16          89  0.96804197324118080     
          16          90  0.96110694782649964     
          18          91  0.98252681068219183     
          18          92  0.98429437656053131     
          18          93  0.98394581866650321     
          19          94  0.98331186092375467     
          19          95  0.98507129690745243     
          19          96  0.98527166545558120     
          20          97  0.96584099595200779     
          20          98  0.96130128856801189     
          23          99  0.93495148014812235     
          24         100  0.91003101636063399     
          27         101  0.94381934100870912     
          28         102  0.92351572837237106     
          30         103  0.94846406057222832     
          31         104  0.96463601966402934     
          32         105  0.98423087270832688     
          32         106  0.98561788575551490     
          32         107  0.98440558503695308     
          33         108  0.98562369317351695     
          33         109  0.98323650484664094     
          33         110  0.98510678238932592     
          37         111  0.97218428309495297     
          37         112  0.96960999122845137     
          38         113  0.96395982843781047     
          38         114  0.96314448415578302     
          45         115  0.97197818416544779     
          45         116  0.98038186417028916     
          45         117  0.97971719207016850     
          46         118  0.97327039575427376     
          46         119  0.97713698401411708     
          46         120  0.98107764992276536     
          47         121  0.98124823281117513     
          47         122  0.98564895425289600     
          47         123  0.98495414521521840     
          48         124  0.98085354051604223     
          48         125  0.98541319328483423     
          48         126  0.98487798728566567     
          50         127  0.96465174608351623     
          50         128  0.95753655504337964     
          51         129  0.96357451433012875     
          51         130  0.96636643476896533     
          53         131  0.96535565128816114     
          53         132  0.97075380735218431     
          53         133  0.97167269301942039     
          55         134  0.96700790982381146     
          55         135  0.97438558611615567     
          56         136  0.95689499559758118     
          57         137  0.97019897038056402     
          57         138  0.95642817732440089     
          59         139  0.97166823997924689     
          59         140  0.95408073981802910     
          60         141  0.96623468770740417     
          60         142  0.97002302127115314     
          63         143  0.96614989100631110     
          63         144  0.96956780149080446     
          64         145  0.97726591950855934     
          64         146  0.97437601117189876     
          65         147  0.97422601586969382     
          65         148  0.97342339931400401     
          69         149  0.96436233098103497     
          70         150  0.96853213953910444     
          72         151  0.95925837575606865     
