   -0.11683286
    0.11562543
   -0.31448862
    0.04333766
    0.08830251
   -0.21192627
    0.05653891
   -0.04317461
   -0.01768118
   -0.00292160
    0.01537553
   -0.04611847
    0.00629208
   -0.11005395
   -0.03922940
   -0.07541406
    0.02276370
   -0.11144146
   -0.11551915
    0.07667341
   -0.23885489
    0.35215922
    0.01464177
   -0.19714439
   -0.02879184
    0.25288645
    0.01304100
   -0.17069010
    0.26929543
    0.00021646
   -0.01197625
   -0.10981046
   -0.11458950
   -0.07046976
    0.24685655
    0.15275410
   -0.06573989
   -0.00090091
   -0.09528024
    0.28887457
   -0.07566020
   -0.02768956
    0.10264698
   -0.17369255
   -0.03267898
   -0.03391295
   -0.10897609
   -0.10820548
   -0.44652549
    0.00365302
   -0.06356408
   -0.46277916
   -0.04903794
   -0.43944710
   -0.07480458
    0.10269712
    0.00061401
   -0.16573926
   -0.00019901
    0.08039098
   -0.32704056
   -0.44057179
   -0.00785654
   -0.06064575
   -0.06046359
   -0.42058588
   -0.02568308
    0.02841140
   -0.05225123
   -0.05196600
    0.05448131
   -0.05737351
   -0.26654267
    0.04119286
    0.06974791
    0.03733721
    0.01535597
    0.02748534
    0.05527501
    0.03257636
    0.04239017
    0.03830518
    0.03616828
    0.04659564
    0.04162636
    0.04340523
    0.05344799
    0.04395855
    0.06160550
    0.04946172
    0.03631011
    0.04435812
    0.04911453
    0.03652258
    0.03482168
    0.05165947
    0.05672495
    0.04736964
    0.07045913
    0.17083629
    0.09104141
    0.19727635
    0.08295546
    0.04037088
    0.04549722
    0.03757429
    0.04457056
    0.04455944
    0.04741017
    0.04240384
    0.07137740
    0.05652135
    0.05685100
    0.05588637
    0.03848529
    0.01739524
    0.03959288
    0.03817044
    0.03997398
    0.02215349
    0.04214886
    0.04002171
    0.05299303
    0.05281761
    0.04083911
    0.04482900
    0.07980357
    0.05074620
    0.04606251
    0.05817744
    0.07552460
    0.05428910
    0.07889541
    0.05344518
    0.05255586
    0.04434551
    0.06001536
    0.03515779
    0.04181103
    0.03030000
    0.04238375
    0.01722942
    0.07970565
    0.04585138
    0.04670174
    0.04764110
    0.04480252
    0.04488168
    0.02620624
    0.03965790
    0.04039416
