           1           2  0.99407585552517852     
           2           3  0.96305168204942904     
           3           4  0.99613146983825884     
           2           5  0.97661710379035460     
           5           6   1.4263805030289483     
           6           7   1.4433847549863374     
           5           8  0.10995456966158014     
           7           8   1.4158608243305773     
           8           9   1.4486248948680966     
           5          10   1.3566091579646944     
           7          10  0.11076886581422055     
           9          10   1.3943450424348653     
          10          11   1.0254411872794658     
          11          12   1.1536182060924394     
          12          13  0.99551313993102886     
          13          14   1.0058170528405577     
          11          15   1.5148832641823673     
          15          16   1.0198178803017488     
          16          17  0.96589627525804411     
          17          18  0.99865985686337799     
          17          19  0.99670802929585822     
          17          20  0.98187925545206767     
          20          21  0.92407607486656540     
          21          22   1.1826766592578863     
          22          23  0.94198988129492389     
          23          24  0.99358776205021515     
          24          25   1.0069433047914411     
          25          26   1.2442774935458552     
          26          27  0.94156275315176985     
          27          28  0.99484892065387842     
          28          29   1.2675149436295625     
          29          30  0.93333591199177268     
          30          31  0.96077502516495705     
          31          32   1.0075575005582289     
          31          33   1.0073992269947671     
          30          34  0.97032411649588934     
          34          35   1.2925208568612856     
          35          36  0.92523212621753848     
          36          37  0.98183901506568294     
          37          38  0.99511330954128585     
          38          39  0.99643890011680647     
          39          40   1.2170629931371053     
          40          41   1.0249903183859961     
          41          42   2.7548137106478849     
          42          43   1.0130910479383248     
          43          44  0.96567301094728764     
          44          45   1.0137992355753975     
          44          46   1.0127697827799298     
          43          47  0.97518937944155215     
          43          48  0.97345020871965215     
          39          49  0.19478620324998874     
          40          49   1.6346039893619266     
          39          50  0.99297732391824145     
          36          51  0.96976423576012638     
          50          51  0.99354725271281663     
          34          52  0.20277341732588489     
          35          52   1.6336857490226318     
          34          53  0.99246335745969672     
          28          54  0.20018700783063725     
          29          54   1.6765050948954747     
          27          55  0.96127344081812183     
          55          56  0.98374609862719642     
          56          57  0.97423058235707483     
          57          58  0.99514022812494585     
          58          59   1.0036739834816879     
          59          60  0.98037721609393080     
          56          61  0.96714684105005388     
          60          61  0.98766010971220686     
          25          62  0.19417023140147982     
          26          62   1.6664058144978702     
          25          63  0.97445790682204814     
          63          64  0.99923439355647337     
          23          65  0.96136238831903931     
          64          65   1.0059199732334294     
          21          66  0.18151788435771116     
          22          66   1.7261952083856780     
          15          67   1.2067721267531035     
          12          68   1.1618090784505986     
          67          68   1.2478136481747946     
          68          69   1.3284150033477184     
          69          70   1.5058019199517740     
          58          71   1.0243865256129483     
          70          71   1.3212498782937470     
          67          72   1.3241885540346832     
          69          72  0.10742205029081561     
          71          72   1.4600008669971876     
          36          73  0.90898899455550408     
           1          74  0.98332759065188780     
           1          75  0.98250997645562677     
           1          76  0.98549838212626861     
           2          77  0.95484246336046275     
           4          78  0.97601821244428533     
           4          79  0.97879024058196773     
           4          80  0.97646667669973164     
           7          81  0.96317334696651669     
           8          82  0.96943782141740409     
           9          83  0.96602985523443852     
          13          84  0.96806008353660955     
          13          85  0.96978482900970497     
          14          86  0.98462975210759063     
          14          87  0.98476300793262372     
          14          88  0.98510407280141354     
          16          89  0.95788160064287653     
          16          90  0.96936106967714930     
          18          91  0.98504758457081087     
          18          92  0.98556317984440045     
          18          93  0.98365472010207755     
          19          94  0.98467310943582553     
          19          95  0.97805216775796011     
          19          96  0.98322829791588007     
          20          97  0.96132714506390937     
          20          98  0.96677276085119201     
          23          99  0.95614070301224152     
          24         100  0.93012036361111716     
          27         101  0.94372895109339616     
          28         102  0.92415232992376439     
          30         103  0.94586955235833459     
          31         104  0.96293919407675754     
          32         105  0.98586200259766033     
          32         106  0.98539701015716485     
          32         107  0.98447965669278670     
          33         108  0.98534180079388700     
          33         109  0.98436997177990160     
          33         110  0.98403694325732505     
          37         111  0.97016046919156840     
          37         112  0.97250489193118017     
          38         113  0.96308615597804748     
          38         114  0.96495226828905334     
          45         115  0.98112905998875466     
          45         116  0.97488955705234592     
          45         117  0.97986730432685409     
          46         118  0.98116908206951015     
          46         119  0.98006336588803855     
          46         120  0.97496390090998597     
          47         121  0.98376531100389086     
          47         122  0.98448628571902419     
          47         123  0.98289480333309298     
          48         124  0.98236408867717162     
          48         125  0.98440735533125012     
          48         126  0.98364422352982750     
          50         127  0.96340690208067381     
          50         128  0.96605705892514049     
          51         129  0.97037355646380175     
          51         130  0.97332408619217792     
          53         131  0.97396983301997875     
          53         132  0.97381806096597601     
          53         133  0.97082026590235815     
          55         134  0.97136847026932438     
          55         135  0.96987201097771181     
          56         136  0.95820903695695359     
          57         137  0.96850477290200032     
          57         138  0.96936593829123052     
          59         139  0.97513366527543099     
          59         140  0.97030372654294428     
          60         141  0.97216415324877103     
          60         142  0.97116358410010473     
          63         143  0.96438041062944901     
          63         144  0.96694846182290251     
          64         145  0.97672571759218896     
          64         146  0.97312045530834701     
          65         147  0.97562064436255835     
          65         148  0.97580297319556530     
          69         149  0.96618060743848777     
          70         150  0.96890172997289059     
          72         151  0.96022229300996376     
