   -0.11684932
    0.11585673
   -0.31441369
    0.04385361
    0.08878124
   -0.21210403
    0.05618669
   -0.04363296
   -0.01845207
   -0.00260295
    0.01590205
   -0.04312527
    0.00652013
   -0.11018005
   -0.03862197
   -0.07351251
    0.02173214
   -0.10987419
   -0.11614716
    0.06924381
   -0.24709299
    0.35492647
    0.01950770
   -0.18363489
   -0.01859285
    0.24005601
    0.02164420
   -0.17388643
    0.27127323
    0.00281399
   -0.01206348
   -0.11109918
   -0.11536553
   -0.07275369
    0.24801094
    0.15271334
   -0.06593345
   -0.00307348
   -0.09183038
    0.28927766
   -0.07269624
   -0.01572073
    0.10097944
   -0.17429061
   -0.03097108
   -0.03075296
   -0.10580131
   -0.10827309
   -0.44355592
    0.00259210
   -0.06459014
   -0.46219783
   -0.04941912
   -0.44206438
   -0.07435934
    0.10908011
    0.00369422
   -0.16735894
    0.00030121
    0.08134895
   -0.33206798
   -0.45399550
   -0.01035665
   -0.06230057
   -0.06400115
   -0.41095687
   -0.02143377
    0.03231419
   -0.05021552
   -0.05187640
    0.05417392
   -0.05595330
   -0.26564804
    0.06951731
    0.03755140
    0.04104883
    0.01532361
    0.02690562
    0.05434175
    0.03265747
    0.04206925
    0.03770524
    0.03722336
    0.04616739
    0.04040488
    0.04376097
    0.05604970
    0.04281995
    0.05947375
    0.04579840
    0.03945661
    0.04276199
    0.04523754
    0.03571075
    0.03322335
    0.05379468
    0.06449511
    0.04659698
    0.05055805
    0.16481211
    0.07116594
    0.19971776
    0.08205207
    0.04027984
    0.04471385
    0.04040405
    0.04445747
    0.04322685
    0.04843252
    0.04482708
    0.07145722
    0.05913799
    0.06048078
    0.05704095
    0.03677485
    0.01397159
    0.04319354
    0.03770763
    0.04035511
    0.01178116
    0.04108803
    0.03678789
    0.03965516
    0.04866219
    0.04328591
    0.04410782
    0.08032004
    0.05187136
    0.04687088
    0.05770979
    0.06746094
    0.05731791
    0.08348643
    0.05520147
    0.04837050
    0.03280989
    0.05697082
    0.03652202
    0.04280696
    0.03144909
    0.04294961
    0.01867433
    0.08295365
    0.06293650
    0.04495579
    0.05041458
    0.05427023
    0.05640097
    0.02688202
    0.03908859
    0.03399018
