           1           2  0.99418157037166666     
           2           3  0.96302349849184277     
           3           4  0.99638612004096516     
           2           5  0.97662559612813249     
           5           6   1.4267776669075234     
           6           7   1.4432683622826707     
           5           8  0.11019304701668635     
           7           8   1.4158959538807745     
           8           9   1.4488584805590838     
           5          10   1.3561011961444940     
           7          10  0.11107382396097563     
           9          10   1.3942431819774230     
          10          11   1.0244028543755255     
          11          12   1.1550377583105906     
          12          13  0.99548051063662424     
          13          14   1.0056940277902831     
          11          15   1.5131482827697684     
          15          16   1.0195995825544435     
          16          17  0.96665694301866467     
          17          18  0.99899183884086928     
          17          19  0.99734745116313817     
          17          20  0.97654944405384614     
          20          21  0.92603226878126776     
          21          22   1.1707703626106569     
          22          23  0.93944565461854457     
          23          24  0.99132675767271572     
          24          25   1.0048819199197452     
          25          26   1.2655581697127272     
          26          27  0.93759160138178121     
          27          28  0.99492038495187940     
          28          29   1.2675510002021495     
          29          30  0.93242861685103062     
          30          31  0.96541408555850639     
          31          32   1.0072447432241365     
          31          33   1.0067968337485356     
          30          34  0.96840102857415589     
          34          35   1.2879425981941885     
          35          36  0.92562943729745228     
          36          37  0.98203384885724609     
          37          38  0.99542463103281364     
          38          39  0.99561478550194349     
          39          40   1.2214544650817161     
          40          41   1.0222948178603679     
          41          42   2.7618656206850796     
          42          43   1.0170455166164538     
          43          44  0.96998916254309109     
          44          45   1.0151113626692010     
          44          46   1.0172776140766433     
          43          47  0.96519271048498323     
          43          48  0.97311748969824963     
          39          49  0.19727038555158452     
          40          49   1.6355441465301965     
          39          50  0.99279661671975927     
          36          51  0.97010701419501499     
          50          51  0.99394409150537377     
          34          52  0.20138902623303501     
          35          52   1.6379259466965330     
          34          53  0.99244718546241029     
          28          54  0.19902866039465864     
          29          54   1.6750384026615703     
          27          55  0.96258340325852199     
          55          56  0.98398663733565939     
          56          57  0.97506640742828066     
          57          58  0.99448639343081136     
          58          59   1.0045995384170694     
          59          60  0.98021047782364112     
          56          61  0.96683385856356963     
          60          61  0.98523100736173208     
          25          62  0.20074693486216807     
          26          62   1.6357703081730015     
          25          63  0.97420319285675072     
          63          64  0.99806544394553354     
          23          65  0.98289630042102916     
          64          65   1.0069233280439358     
          21          66  0.18154294995337106     
          22          66   1.7393578379853558     
          15          67   1.2076643929494386     
          12          68   1.1632386903682035     
          67          68   1.2471670478328694     
          68          69   1.3288238259950924     
          69          70   1.5057958456011682     
          58          71   1.0231478292067051     
          70          71   1.3209856705224894     
          67          72   1.3242974504143761     
          69          72  0.10721362729439685     
          71          72   1.4599254406060085     
          36          73  0.90911923671584838     
           1          74  0.98253972723751948     
           1          75  0.98545384406639513     
           1          76  0.98343794613913593     
           2          77  0.95487987694062104     
           4          78  0.97605932250259886     
           4          79  0.97880940176213926     
           4          80  0.97639397382084869     
           7          81  0.96319750478508281     
           8          82  0.96945863511232566     
           9          83  0.96618144449441190     
          13          84  0.96812362339168501     
          13          85  0.96994225416713165     
          14          86  0.98452132228394684     
          14          87  0.98444537949203414     
          14          88  0.98521722444690418     
          16          89  0.95707308335375674     
          16          90  0.96999630010943194     
          18          91  0.98479341854856706     
          18          92  0.98565335559289535     
          18          93  0.98379443838347758     
          19          94  0.98461800759048668     
          19          95  0.97823884146523288     
          19          96  0.98263324015776599     
          20          97  0.95993157507411297     
          20          98  0.96522720244451665     
          23          99  0.93294433969200885     
          24         100  0.92984404886880057     
          27         101  0.94148383245108858     
          28         102  0.92281013155489555     
          30         103  0.94580166083736428     
          31         104  0.96175038433555315     
          32         105  0.98588274732388403     
          32         106  0.98483145275860173     
          32         107  0.98472537916125924     
          33         108  0.98526747936182280     
          33         109  0.98414840099524747     
          33         110  0.98365091591771059     
          37         111  0.97034832854559916     
          37         112  0.97212763981649686     
          38         113  0.96265676439339265     
          38         114  0.96454801870867013     
          45         115  0.98112691559046017     
          45         116  0.97327765080128281     
          45         117  0.97703883545172188     
          46         118  0.98045432515657494     
          46         119  0.97981184301926261     
          46         120  0.97200641380605468     
          47         121  0.98481660603883514     
          47         122  0.98177373775255661     
          47         123  0.98529354095035049     
          48         124  0.98547704494106259     
          48         125  0.98459119157754871     
          48         126  0.98060463986698210     
          50         127  0.96320916168058124     
          50         128  0.96559798898440086     
          51         129  0.97030125407358325     
          51         130  0.97336803460312737     
          53         131  0.97352825491779738     
          53         132  0.97415184009229117     
          53         133  0.96868075714929402     
          55         134  0.97069793009066052     
          55         135  0.96910213875534046     
          56         136  0.95682146444900928     
          57         137  0.96881024137602090     
          57         138  0.96946993738048748     
          59         139  0.97488234642566174     
          59         140  0.97050658291400016     
          60         141  0.97215822354928039     
          60         142  0.97148172974047098     
          63         143  0.96489182423857822     
          63         144  0.96726233579611409     
          64         145  0.97693137394581209     
          64         146  0.97390548721397319     
          65         147  0.97596518760933049     
          65         148  0.97359908172182397     
          69         149  0.96616578678901910     
          70         150  0.96880430108466942     
          72         151  0.96015762816761363     
