   -0.11580155
    0.11524377
   -0.31821760
    0.03856111
    0.08853563
   -0.21310115
    0.05705514
   -0.04293504
   -0.01412462
   -0.00214596
    0.02031738
   -0.02538411
   -0.00228056
   -0.10877282
   -0.05321980
   -0.06504342
    0.02271637
   -0.11329218
   -0.10695342
    0.06424179
   -0.25835370
    0.35281075
    0.02667676
   -0.19524420
   -0.02304744
    0.24172705
    0.02606000
   -0.16350666
    0.27166128
    0.00935424
   -0.01474270
   -0.11084014
   -0.11248842
   -0.07222475
    0.24746172
    0.15288817
   -0.06774833
    0.00682803
   -0.09277465
    0.29091919
   -0.07394824
   -0.01264555
    0.10143436
   -0.17133442
   -0.02923242
   -0.03211363
   -0.10485683
   -0.10890738
   -0.45398844
   -0.00010546
   -0.06508561
   -0.46497435
   -0.05799370
   -0.46299330
   -0.07264426
    0.11046566
    0.01052837
   -0.16709364
    0.00235543
    0.07861407
   -0.31856835
   -0.43696843
   -0.01033869
   -0.06275243
   -0.06644553
   -0.40138838
   -0.02951684
    0.03464775
   -0.04245285
   -0.05822067
    0.04766233
   -0.07405264
   -0.26942155
    0.04027559
    0.07062699
    0.03472285
    0.01677861
    0.02042199
    0.04943032
    0.05412200
    0.04065923
    0.03697338
    0.03402769
    0.05238382
    0.07576548
    0.04534050
    0.03827559
    0.04331922
    0.04429694
    0.03214675
    0.04078544
    0.03672294
    0.04521292
    0.04118084
    0.03740922
    0.04789075
    0.05930299
    0.06598547
    0.02628572
    0.18728118
    0.06330183
    0.20493052
    0.07838409
    0.04885226
    0.04181311
    0.04391542
    0.04379757
    0.05019040
    0.04058978
    0.04195086
    0.05840198
    0.05516134
    0.07578259
    0.04950983
    0.04017489
    0.03471118
    0.01083792
    0.03865898
    0.01306511
    0.04294757
    0.03512638
    0.03813983
    0.04181113
    0.04287838
    0.04703099
    0.05470367
    0.05511746
    0.05717030
    0.06132868
    0.06815369
    0.06087672
    0.07556134
    0.08154873
    0.08196628
    0.04656470
    0.02449614
    0.03551543
    0.02459944
    0.03473520
    0.04459076
    0.02418083
    0.05355277
    0.07931528
    0.06532762
    0.04241769
    0.04988835
    0.06400117
    0.05569847
    0.03120534
    0.02211995
    0.02729606
