           1           2  0.99628656941758154     
           2           3  0.96057973822816056     
           3           4  0.99369688578145488     
           2           5  0.97551460776908105     
           5           6   1.4256166731860114     
           6           7   1.4428519249641283     
           5           8  0.11007774301983236     
           7           8   1.4182304947599498     
           8           9   1.4463834335217030     
           5          10   1.3574054731701459     
           7          10  0.11188520715988498     
           9          10   1.4018073947157184     
          10          11   1.0181482971241920     
          11          12   1.1793736133528987     
          12          13  0.99051174417884902     
          13          14   1.0068950714496279     
          11          15   1.5024326267399071     
          15          16   1.0175770690629193     
          16          17  0.96796656300565331     
          17          18  0.99772110725645413     
          17          19  0.99910896505216362     
          17          20  0.97082796108067781     
          20          21  0.92787321618162377     
          21          22   1.1569564268293713     
          22          23  0.94043308494002453     
          23          24  0.98738267196831109     
          24          25   1.0054155414312829     
          25          26   1.2547684227564817     
          26          27  0.92018686297765317     
          27          28  0.97487875026697979     
          28          29   1.2982726666235809     
          29          30  0.93480582606630103     
          30          31  0.96646950025636369     
          31          32   1.0072551614654293     
          31          33   1.0068185849438298     
          30          34  0.96398249116075430     
          34          35   1.2959660334434808     
          35          36  0.92523362809829413     
          36          37  0.97328930821950554     
          37          38  0.99320259109395059     
          38          39  0.99067221232334213     
          39          40   1.2280293147532668     
          40          41   1.0276682275635836     
          41          42   2.7558847013889043     
          42          43   1.0199699776396602     
          43          44  0.97169630106475890     
          44          45   1.0176732942551527     
          44          46   1.0162695991498094     
          43          47  0.95980612603427828     
          43          48  0.97280011675787537     
          39          49  0.19238494322293248     
          40          49   1.6160825144993216     
          39          50  0.99505656828585032     
          36          51  0.98317275886989086     
          50          51  0.99631423526039897     
          34          52  0.20242334343091964     
          35          52   1.6240824310891089     
          34          53  0.99416804140828841     
          28          54  0.19866424542454764     
          29          54   1.6307837188384211     
          27          55  0.99183077213848214     
          55          56  0.98671035890242298     
          56          57  0.98267143580737515     
          57          58   1.0026788837435854     
          58          59  0.98514267627495133     
          59          60  0.99464454201677299     
          56          61  0.97522071167280955     
          60          61  0.98444533418046298     
          25          62  0.20339048707400298     
          26          62   1.6657553905305886     
          25          63  0.97315690402837263     
          63          64  0.99635617064983095     
          23          65  0.99112333649279571     
          64          65   1.0084156342460286     
          21          66  0.17965751585192974     
          22          66   1.7520516420530594     
          15          67   1.2131463647178062     
          12          68   1.1693956805947643     
          67          68   1.2446946237902252     
          68          69   1.3250882687093721     
          69          70   1.5113538837084155     
          58          71   1.0503836789152758     
          70          71   1.3084254981694172     
          67          72   1.3156308278050499     
          69          72  0.10383099144491507     
          71          72   1.4408669430897230     
          36          73  0.90317047313576904     
           1          74  0.98358399271665387     
           1          75  0.98211803767463379     
           1          76  0.98508149996978134     
           2          77  0.95325855765988499     
           4          78  0.97772016864929423     
           4          79  0.96707917507679986     
           4          80  0.97858225821584000     
           7          81  0.96328558307048429     
           8          82  0.96942585653875257     
           9          83  0.96585945922764771     
          13          84  0.96941287448268743     
          13          85  0.96200669260221439     
          14          86  0.98607510305916490     
          14          87  0.98582493458041420     
          14          88  0.98533642581507819     
          16          89  0.96831276735029226     
          16          90  0.96921687794543709     
          18          91  0.98421988014382977     
          18          92  0.98187992719880890     
          18          93  0.98403062269175456     
          19          94  0.98480555560024841     
          19          95  0.98530875697179743     
          19          96  0.98317560877704813     
          20          97  0.96568943895414128     
          20          98  0.96139496901894161     
          23          99  0.93604912984084887     
          24         100  0.90983602085214110     
          27         101  0.94427316802981354     
          28         102  0.92405459578514837     
          30         103  0.94892425535185376     
          31         104  0.96442233051350512     
          32         105  0.98318434358020945     
          32         106  0.98504584445406096     
          32         107  0.98559857437495124     
          33         108  0.98434695924059612     
          33         109  0.98422932600027879     
          33         110  0.98562150887828159     
          37         111  0.96377585242849118     
          37         112  0.96734738073690707     
          38         113  0.95792236050494994     
          38         114  0.96602435510954932     
          45         115  0.98085578193286183     
          45         116  0.97663824113355147     
          45         117  0.97208096399383193     
          46         118  0.98018146120542671     
          46         119  0.97289288399377161     
          46         120  0.97940087543134080     
          47         121  0.98503255749381513     
          47         122  0.98544097442132828     
          47         123  0.98109215535526551     
          48         124  0.98005761100685906     
          48         125  0.98408742751688427     
          48         126  0.98500314078808615     
          50         127  0.96263008449247123     
          50         128  0.96393034156996593     
          51         129  0.97190024563988375     
          51         130  0.96863047776213240     
          53         131  0.97055697587859369     
          53         132  0.97162434929782326     
          53         133  0.96561178903150535     
          55         134  0.96678466914652661     
          55         135  0.97437579643940453     
          56         136  0.95684443116264495     
          57         137  0.96990160354033739     
          57         138  0.95665542060561548     
          59         139  0.97131087605064137     
          59         140  0.95360959223650110     
          60         141  0.96610266665263500     
          60         142  0.96993362555964757     
          63         143  0.96601447408504082     
          63         144  0.96951683925375687     
          64         145  0.97722152968264431     
          64         146  0.97426662486202698     
          65         147  0.97404919841628956     
          65         148  0.97351714339470163     
          69         149  0.96646803858766195     
          70         150  0.96826423566442876     
          72         151  0.95991765374556193     
