   -0.11720420
    0.11014077
   -0.31463990
    0.04443003
    0.07653854
   -0.23896233
    0.05746837
   -0.04243790
   -0.01473736
    0.00434663
    0.01928066
   -0.04262723
   -0.00475379
   -0.10863365
   -0.04329550
   -0.07842635
    0.02387215
   -0.10976011
   -0.10782824
    0.06651680
   -0.25711843
    0.35291887
    0.02697745
   -0.19686960
   -0.02336423
    0.24214988
    0.02600120
   -0.16732896
    0.27139913
    0.00719068
   -0.01470037
   -0.10949984
   -0.11288845
   -0.07020358
    0.24766979
    0.15258628
   -0.06536700
   -0.00342203
   -0.08871010
    0.28937715
   -0.07258515
   -0.01452083
    0.10134850
   -0.17584211
   -0.03083791
   -0.03136577
   -0.10583039
   -0.10800978
   -0.45773323
    0.00121230
   -0.06658327
   -0.46680258
   -0.05653877
   -0.45773154
   -0.07299481
    0.11091821
    0.00863216
   -0.16692513
    0.00070800
    0.07879908
   -0.32140469
   -0.43631445
   -0.01020832
   -0.06263683
   -0.06626955
   -0.40323034
   -0.03094441
    0.02683072
   -0.04935167
   -0.05809776
    0.04825012
   -0.07361296
   -0.26810497
    0.04240807
    0.05231325
    0.06139989
    0.03712007
    0.03221855
    0.02923727
    0.05473079
    0.03743303
    0.03600176
    0.03736539
    0.03717379
    0.08278851
    0.04412793
    0.04937076
    0.03648638
    0.04748169
    0.06760264
    0.03344730
    0.04004885
    0.04080675
    0.03909855
    0.04628008
    0.04054890
    0.05713923
    0.06253315
    0.02591724
    0.18897337
    0.06316775
    0.20441974
    0.08106188
    0.04784040
    0.04362834
    0.04095996
    0.04357657
    0.04179792
    0.04968969
    0.04014259
    0.06099690
    0.06839777
    0.05699697
    0.06175559
    0.03756497
    0.03763928
    0.01481383
    0.04212191
    0.03846101
    0.01214606
    0.03802797
    0.03861124
    0.04192469
    0.04541601
    0.04693626
    0.05042076
    0.05341494
    0.07848267
    0.05789331
    0.05451142
    0.07219459
    0.08878381
    0.05839004
    0.08193092
    0.04622978
    0.02373106
    0.03567493
    0.02677693
    0.03795341
    0.04589831
    0.02426479
    0.05392492
    0.07892149
    0.06507204
    0.04231195
    0.04936222
    0.06301027
    0.05596743
    0.04170802
    0.02488769
    0.03182670
