           1           2   1.0010292860986612     
           2           3  0.95876812947204682     
           3           4  0.99644315931121452     
           2           5  0.97285945392333717     
           5           6   1.4120405023784519     
           6           7   1.4448951103855971     
           5           8  0.10823075865229582     
           7           8   1.4125833176432423     
           8           9   1.4554410917094067     
           5          10   1.3660609268467865     
           7          10  0.10998586917470719     
           9          10   1.3866787764032131     
          10          11   1.0245120461307859     
          11          12   1.1611618298410546     
          12          13  0.99030498455561622     
          13          14   1.0068639204441980     
          11          15   1.5046348286971527     
          15          16   1.0187583495650838     
          16          17  0.96805403959683789     
          17          18  0.99680069665339432     
          17          19  0.99871944743580920     
          17          20  0.97126596395907161     
          20          21  0.92685736473497538     
          21          22   1.1592200497990917     
          22          23  0.94011318119476983     
          23          24  0.98838518000837527     
          24          25   1.0051818429332233     
          25          26   1.2542105702259452     
          26          27  0.92115678842212567     
          27          28  0.97460599791545721     
          28          29   1.2920834623957198     
          29          30  0.93741002707366039     
          30          31  0.96091216667569979     
          31          32   1.0077014489744669     
          31          33   1.0076123006965090     
          30          34  0.96886295716386961     
          34          35   1.2986495021042672     
          35          36  0.92627050875202432     
          36          37  0.98190429064312701     
          37          38  0.99645142038110868     
          38          39  0.99453398410094263     
          39          40   1.2340827335642255     
          40          41   1.0285543094594658     
          41          42   2.7564685402183091     
          42          43   1.0194244449871892     
          43          44  0.97018967366085462     
          44          45   1.0157663114970015     
          44          46   1.0167051725802589     
          43          47  0.96383066718269916     
          43          48  0.97092848857419634     
          39          49  0.19522625478551059     
          40          49   1.6119024220564859     
          39          50  0.99085286851829724     
          36          51  0.97204643491804510     
          50          51  0.99462889614106598     
          34          52  0.20224179412845777     
          35          52   1.6196929045343746     
          34          53  0.99272892163344029     
          28          54  0.19855489221157982     
          29          54   1.6340184583495816     
          27          55  0.99127992354371108     
          55          56  0.98638355715824289     
          56          57  0.98388878407493741     
          57          58   1.0015415881890939     
          58          59  0.98322159412199750     
          59          60  0.99582700693739534     
          56          61  0.97447905162667958     
          60          61  0.98305111559149227     
          25          62  0.20376203387091457     
          26          62   1.6666497878417650     
          25          63  0.97350373840623394     
          63          64  0.99631112606189598     
          23          65  0.99088954629490278     
          64          65   1.0083704002254927     
          21          66  0.18015896131779774     
          22          66   1.7498881006205282     
          15          67   1.2115418407905592     
          12          68   1.1658279122714528     
          67          68   1.2465517670534818     
          68          69   1.3242954877655857     
          69          70   1.5109782573075197     
          58          71   1.0535665019526286     
          70          71   1.3058215873035279     
          67          72   1.3184572833504089     
          69          72  0.10536011955225348     
          71          72   1.4416777281261195     
          36          73  0.90606209405854066     
           1          74  0.98482404026848136     
           1          75  0.98392599379898305     
           1          76  0.97497497317680648     
           2          77  0.95593291161576499     
           4          78  0.97626842147621817     
           4          79  0.97664293097791055     
           4          80  0.97885128563896284     
           7          81  0.96334506972403844     
           8          82  0.96923794903834581     
           9          83  0.96501528837494988     
          13          84  0.97124125213606161     
          13          85  0.95701135686387406     
          14          86  0.98512283731554162     
          14          87  0.98492455266957613     
          14          88  0.98416774886463243     
          16          89  0.96730940814055877     
          16          90  0.95574077980608407     
          18          91  0.98348569624594417     
          18          92  0.98467512655712230     
          18          93  0.98346622914260906     
          19          94  0.98455827986094180     
          19          95  0.98349919860524371     
          19          96  0.98501670919311346     
          20          97  0.96576719586002913     
          20          98  0.96353509995518272     
          23          99  0.93518722671392451     
          24         100  0.90812429869129407     
          27         101  0.94400338592195210     
          28         102  0.92365541473199453     
          30         103  0.94671022416795414     
          31         104  0.96492443670295391     
          32         105  0.98570990549133464     
          32         106  0.98399389408355387     
          32         107  0.98479561541514005     
          33         108  0.98557018756069592     
          33         109  0.98421629267485744     
          33         110  0.98444993059859554     
          37         111  0.97215327938803509     
          37         112  0.97051157110858988     
          38         113  0.96367454623618687     
          38         114  0.96302062527245424     
          45         115  0.98102462746466323     
          45         116  0.97787969492902527     
          45         117  0.97324225910168194     
          46         118  0.97975155057021923     
          46         119  0.98062605493294064     
          46         120  0.97215928072865587     
          47         121  0.98169248627692562     
          47         122  0.98509543865674221     
          47         123  0.98514118773300285     
          48         124  0.98018476230049645     
          48         125  0.98394569699251311     
          48         126  0.98515938463021702     
          50         127  0.96369787975478849     
          50         128  0.96018320726209416     
          51         129  0.96722844293673460     
          51         130  0.96441024868952219     
          53         131  0.97098210886005765     
          53         132  0.96641967956967278     
          53         133  0.97058791901341357     
          55         134  0.96702011791225118     
          55         135  0.97457637342909353     
          56         136  0.95703422673686878     
          57         137  0.96983700875940493     
          57         138  0.95480895994217152     
          59         139  0.96979404646982226     
          59         140  0.95474748556877698     
          60         141  0.96605526602473757     
          60         142  0.96976453136696483     
          63         143  0.96611224555771802     
          63         144  0.96958624914320901     
          64         145  0.97723644545965249     
          64         146  0.97434671968279507     
          65         147  0.97425274958684471     
          65         148  0.97344167871960696     
          69         149  0.96479491921119931     
          70         150  0.96722877673639607     
          72         151  0.95876994222777800     
