   -0.11563116
    0.11609385
   -0.31406192
    0.04326546
    0.08739598
   -0.21264544
    0.05669498
   -0.04315940
   -0.01875939
   -0.00285259
    0.01869050
   -0.04524398
    0.00348497
   -0.10978545
   -0.03851209
   -0.07092772
    0.02314410
   -0.11280927
   -0.11345027
    0.07579757
   -0.25031210
    0.35106434
    0.02825088
   -0.19664086
   -0.01906721
    0.24256608
    0.02862136
   -0.16072725
    0.27127593
    0.00344361
   -0.01269003
   -0.10870647
   -0.11069054
   -0.07684761
    0.24992821
    0.15325366
   -0.06347475
    0.00373593
   -0.09614844
    0.28872571
   -0.07619465
   -0.02580723
    0.10214829
   -0.17257336
   -0.03119499
   -0.03340007
   -0.10905086
   -0.10863621
   -0.44262685
    0.00218204
   -0.06533812
   -0.45846192
   -0.04939995
   -0.44526395
   -0.06741886
    0.11194406
    0.00898230
   -0.15762418
    0.00649166
    0.07768405
   -0.32132867
   -0.43764585
   -0.01108582
   -0.06192405
   -0.06472544
   -0.41268657
   -0.02439820
    0.02609958
   -0.05190938
   -0.05589244
    0.05320209
   -0.06244992
   -0.27126688
    0.04099168
    0.07038656
    0.03532145
    0.01442370
    0.02629160
    0.05689211
    0.03241566
    0.04257320
    0.03828139
    0.03743006
    0.04558215
    0.05043045
    0.04943960
    0.04105027
    0.04529384
    0.06163231
    0.04238228
    0.03755097
    0.04652034
    0.03824040
    0.04681786
    0.03936901
    0.04548590
    0.06002173
    0.04859201
    0.02797066
    0.19630121
    0.07010851
    0.19403340
    0.07954355
    0.05209342
    0.03296333
    0.04397008
    0.04391792
    0.04607624
    0.04247472
    0.04057884
    0.04723076
    0.05927832
    0.04954018
    0.08124243
    0.00802605
    0.04023832
    0.04011183
    0.04403336
    0.01590642
    0.03907718
    0.04712811
    0.05085996
    0.04500332
    0.04469108
    0.05346833
    0.03813149
    0.05164417
    0.05445691
    0.07188344
    0.05575925
    0.05547991
    0.06751408
    0.08342864
    0.06814031
    0.04962296
    0.02497138
    0.03167625
    0.02374812
    0.04384681
    0.02995066
    0.02392812
    0.05854509
    0.07963679
    0.06581321
    0.04050128
    0.04868875
    0.05850848
    0.04891975
    0.02460353
    0.02974317
    0.01885455
