           1           2  0.99437064331716685     
           2           3  0.96314481922272321     
           3           4  0.99632922164148530     
           2           5  0.97613894350867747     
           5           6   1.4250692726655547     
           6           7   1.4439844710524301     
           5           8  0.10985482240549378     
           7           8   1.4153815480772751     
           8           9   1.4502558787377178     
           5          10   1.3595879689322012     
           7          10  0.11051830671142440     
           9          10   1.3939185730282873     
          10          11   1.0267464165509415     
          11          12   1.1564631242591561     
          12          13  0.99552227139886640     
          13          14   1.0047255756389464     
          11          15   1.5127734055925441     
          15          16   1.0198000565006862     
          16          17  0.96453997033020566     
          17          18  0.99809592587864882     
          17          19  0.99774004409508277     
          17          20  0.98188348426428318     
          20          21  0.92524348857201066     
          21          22   1.1663243851010339     
          22          23  0.94287410142507289     
          23          24  0.99556250404400370     
          24          25   1.0075648431401176     
          25          26   1.2534675798980199     
          26          27  0.92149729866358088     
          27          28  0.97938207947830014     
          28          29   1.2896691974159025     
          29          30  0.93230540794006911     
          30          31  0.97170102495440969     
          31          32   1.0091274800585539     
          31          33   1.0064725680362390     
          30          34  0.95823203252484579     
          34          35   1.2902282759167221     
          35          36  0.92424025750335392     
          36          37  0.97026386543287169     
          37          38  0.99445851645692518     
          38          39  0.99274608058897407     
          39          40   1.2138164244692251     
          40          41   1.0231781606339796     
          41          42   2.7556894239499234     
          42          43   1.0130551915327846     
          43          44  0.96280241225118557     
          44          45   1.0166281689460346     
          44          46   1.0133635506923355     
          43          47  0.97690135234238884     
          43          48  0.97382477475440765     
          39          49  0.19544961136854727     
          40          49   1.6396709802937641     
          39          50  0.99725902996439431     
          36          51  0.98247050217921450     
          50          51  0.99561039422460196     
          34          52  0.20286418719124946     
          35          52   1.6376306184781451     
          34          53  0.99268094698246268     
          28          54  0.20085849743651002     
          29          54   1.6508355026862200     
          27          55  0.98959928025543853     
          55          56  0.98968985769713780     
          56          57  0.97933383822232223     
          57          58   1.0043493473753400     
          58          59  0.98756740233594398     
          59          60  0.99499162693233412     
          56          61  0.97663396295610572     
          60          61  0.98385523693604404     
          25          62  0.20293525047161259     
          26          62   1.6673870767776018     
          25          63  0.97493216035843722     
          63          64  0.99599071227494840     
          23          65  0.98630340902304103     
          64          65   1.0065010956431582     
          21          66  0.18035204206158703     
          22          66   1.7376194617924428     
          15          67   1.2110531415329251     
          12          68   1.1584391874403701     
          67          68   1.2462147361098188     
          68          69   1.3281152180210034     
          69          70   1.5104575082387350     
          58          71   1.0597792015571297     
          70          71   1.3053935070595115     
          67          72   1.3209006520861022     
          69          72  0.10360343554697721     
          71          72   1.4423481469000743     
          36          73  0.90389927078370980     
           1          74  0.98344878448876527     
           1          75  0.98233906286409445     
           1          76  0.98437100853034398     
           2          77  0.95455720100383923     
           4          78  0.97595946194255068     
           4          79  0.97870260982281621     
           4          80  0.97656394277230718     
           7          81  0.96316923997980974     
           8          82  0.96937470294938399     
           9          83  0.96807176909263282     
          13          84  0.96775703239170685     
          13          85  0.96870327893799701     
          14          86  0.98637533149510448     
          14          87  0.98565649365820007     
          14          88  0.98497099292935641     
          16          89  0.96220257065386661     
          16          90  0.96803061244484712     
          18          91  0.98389641977027131     
          18          92  0.98253110880974881     
          18          93  0.98496303166121368     
          19          94  0.98437650065589677     
          19          95  0.98484989788038169     
          19          96  0.98482177419088179     
          20          97  0.96271670675700993     
          20          98  0.96605696012146458     
          23          99  0.92783662473087958     
          24         100  0.90613716873039274     
          27         101  0.93915241279648909     
          28         102  0.92813173114500014     
          30         103  0.94748644494947831     
          31         104  0.96182867683551510     
          32         105  0.98578348197022803     
          32         106  0.98502568189102269     
          32         107  0.98589909335049197     
          33         108  0.98520730154990244     
          33         109  0.98471818633209163     
          33         110  0.98608098684159040     
          37         111  0.97036600470227419     
          37         112  0.97306501239613075     
          38         113  0.96538203333897876     
          38         114  0.96288297824470437     
          45         115  0.97239719573004413     
          45         116  0.97925337390709499     
          45         117  0.98062091228503978     
          46         118  0.97975923076126537     
          46         119  0.97518632309580178     
          46         120  0.98109751457128236     
          47         121  0.98342931602565453     
          47         122  0.98281569556233583     
          47         123  0.98380746406133612     
          48         124  0.98408338276132712     
          48         125  0.98259410876585296     
          48         126  0.98344331110621597     
          50         127  0.96465457622615802     
          50         128  0.96113776841945397     
          51         129  0.97014730590995679     
          51         130  0.97117889390190681     
          53         131  0.97454966263172360     
          53         132  0.97259710731170734     
          53         133  0.97243999821506510     
          55         134  0.96866201155699960     
          55         135  0.97148818532455494     
          56         136  0.95611223592099115     
          57         137  0.97157988499453418     
          57         138  0.95325798916591975     
          59         139  0.96976036885265093     
          59         140  0.96401822212316979     
          60         141  0.96632410086934106     
          60         142  0.96538657647141668     
          63         143  0.96636182685365180     
          63         144  0.96940858151832554     
          64         145  0.97773290125288104     
          64         146  0.97473863882748724     
          65         147  0.97559757837599348     
          65         148  0.97393048283753858     
          69         149  0.96610459713897823     
          70         150  0.96733963542115409     
          72         151  0.96233015195726268     
