   -0.11651876
    0.10699464
   -0.31845499
    0.03558041
    0.07898275
   -0.22919662
    0.05601670
   -0.04337970
   -0.01603561
   -0.00389824
    0.01593174
   -0.04442147
    0.00579557
   -0.11000506
   -0.03794076
   -0.07208267
    0.02344828
   -0.11265031
   -0.11185338
    0.07553705
   -0.25070651
    0.35081982
    0.02819727
   -0.19500139
   -0.02197067
    0.24196047
    0.02820913
   -0.16789536
    0.27080362
    0.00340212
   -0.01182837
   -0.11026864
   -0.11118577
   -0.07944860
    0.25092625
    0.15596541
   -0.06348219
    0.00345759
   -0.09579687
    0.28907122
   -0.07586147
   -0.02761826
    0.10266358
   -0.17321268
   -0.03275455
   -0.03421454
   -0.10907835
   -0.10822930
   -0.44484268
   -0.00019517
   -0.06821492
   -0.46803776
   -0.04824798
   -0.44455532
   -0.06848278
    0.11284759
    0.00770579
   -0.15399339
    0.00503350
    0.07805260
   -0.32401138
   -0.43651012
   -0.01070940
   -0.06191754
   -0.06468890
   -0.41005486
   -0.02366651
    0.02558805
   -0.05221335
   -0.05656189
    0.05352176
   -0.06206143
   -0.27085939
    0.05034184
    0.06139119
    0.03601595
    0.04753614
    0.04653708
    0.03353918
    0.05079607
    0.03787683
    0.03692998
    0.03719971
    0.04670538
    0.04289541
    0.05112507
    0.04461515
    0.04317733
    0.06003140
    0.04740298
    0.04816869
    0.03916237
    0.04300869
    0.03771773
    0.04400872
    0.03781725
    0.06032662
    0.04767476
    0.02845443
    0.19280390
    0.07070376
    0.20276929
    0.08055457
    0.05179911
    0.03605957
    0.04385945
    0.04124108
    0.04550496
    0.04746276
    0.03879209
    0.04848451
    0.06185992
    0.04976066
    0.08103275
    0.03896469
    0.01657688
    0.04009398
    0.02250936
    0.03842865
    0.04033760
    0.05326055
    0.04161754
    0.03958816
    0.04546025
    0.05289731
    0.04068508
    0.05272587
    0.05719726
    0.07237698
    0.06091480
    0.06024830
    0.06750165
    0.07654810
    0.07004725
    0.05118973
    0.02333975
    0.03406160
    0.02490263
    0.04402292
    0.03107662
    0.02359600
    0.05829716
    0.07986166
    0.06488198
    0.04237681
    0.04838535
    0.05734043
    0.05073548
    0.02470507
    0.02852366
    0.01988152
