           1           2  0.99294970415448591     
           2           3  0.96524172815120479     
           3           4  0.99087395876533968     
           2           5  0.97542291979026319     
           5           6   1.4203866152532432     
           6           7   1.4341232094608654     
           5           8  0.10863735581356100     
           7           8   1.4222585147475579     
           8           9   1.4444590701451243     
           5          10   1.3519964189365423     
           7          10  0.11054593813226568     
           9          10   1.4009192597156011     
          10          11   1.0260061699960314     
          11          12   1.1582259877063747     
          12          13  0.99569831093771488     
          13          14   1.0059547267325863     
          11          15   1.5097408272124067     
          15          16   1.0195665274380896     
          16          17  0.96534128927075569     
          17          18  0.99779633271541268     
          17          19  0.99807964633398905     
          17          20  0.98140383317242319     
          20          21  0.92678759299853364     
          21          22   1.1634405282541143     
          22          23  0.94285333707333385     
          23          24  0.99580673025838928     
          24          25   1.0069125586968157     
          25          26   1.2498926732353741     
          26          27  0.92151240811121071     
          27          28  0.98094520506622940     
          28          29   1.2879006433787756     
          29          30  0.92743284783868596     
          30          31  0.97923643566121166     
          31          32   1.0085649344430045     
          31          33   1.0055830413508045     
          30          34  0.95432133398326546     
          34          35   1.2940827108314457     
          35          36  0.93048242490541666     
          36          37  0.96788402982618194     
          37          38  0.99364946618241090     
          38          39  0.99288550680068854     
          39          40   1.2149807900281773     
          40          41   1.0249504002181360     
          41          42   2.7546545638053059     
          42          43   1.0128974251760969     
          43          44  0.96535677552451360     
          44          45   1.0138919967354427     
          44          46   1.0126215643589127     
          43          47  0.97577432741865122     
          43          48  0.97338298984858673     
          39          49  0.19455554335965530     
          40          49   1.6368192852523491     
          39          50  0.99672288035793011     
          36          51  0.97981720407023976     
          50          51  0.99537701405942502     
          34          52  0.19674332391428445     
          35          52   1.6222902063299705     
          34          53  0.99096352319131731     
          28          54  0.20201735644540575     
          29          54   1.6561131482843661     
          27          55  0.98891380069255463     
          55          56  0.99047644618632680     
          56          57  0.97921384502712094     
          57          58   1.0040116747094670     
          58          59  0.98903241519572138     
          59          60  0.99506074959782465     
          56          61  0.97501653929205612     
          60          61  0.98326872970711621     
          25          62  0.20191821157727241     
          26          62   1.6698100365397255     
          25          63  0.97460119344810758     
          63          64  0.99638669417811898     
          23          65  0.98535986594895364     
          64          65   1.0067758335620318     
          21          66  0.18039082767012213     
          22          66   1.7412927042738384     
          15          67   1.2120368375568187     
          12          68   1.1588738902850138     
          67          68   1.2466000930988652     
          68          69   1.3270173090004853     
          69          70   1.5112024457592956     
          58          71   1.0651591278299504     
          70          71   1.3028135126832210     
          67          72   1.3202887581996714     
          69          72  0.10369431561090922     
          71          72   1.4403969008246311     
          36          73  0.90521026851297381     
           1          74  0.98390839169366517     
           1          75  0.98215660993100506     
           1          76  0.98600980124415827     
           2          77  0.95629429826905288     
           4          78  0.97066853508537609     
           4          79  0.97811252598606169     
           4          80  0.97951393651916752     
           7          81  0.96362330937780705     
           8          82  0.96945299053614797     
           9          83  0.96581211209782103     
          13          84  0.96787118986263754     
          13          85  0.96996938177066694     
          14          86  0.98502641211010378     
          14          87  0.98510649593149968     
          14          88  0.98445769810835437     
          16          89  0.96272891589447940     
          16          90  0.96784857464480756     
          18          91  0.98407220607958723     
          18          92  0.98496365149407139     
          18          93  0.98505656161114619     
          19          94  0.98371814038235095     
          19          95  0.98286047394160581     
          19          96  0.98494670021855835     
          20          97  0.96316505994504931     
          20          98  0.96608997390358320     
          23          99  0.92907005973914947     
          24         100  0.91076631910950812     
          27         101  0.93924098043318160     
          28         102  0.91954174724754600     
          30         103  0.94571614820862315     
          31         104  0.96020719783494912     
          32         105  0.98544590813684196     
          32         106  0.98535953703146584     
          32         107  0.98615147598564545     
          33         108  0.98534778146116719     
          33         109  0.98468202898906099     
          33         110  0.98621565113965914     
          37         111  0.97314721557444661     
          37         112  0.97307402928673525     
          38         113  0.96627367416627952     
          38         114  0.96305646212587059     
          45         115  0.98104340848270088     
          45         116  0.97494427796330740     
          45         117  0.97976361451028660     
          46         118  0.97499542545015250     
          46         119  0.98114080587772001     
          46         120  0.98004332118579351     
          47         121  0.98296526701218079     
          47         122  0.98376238204824229     
          47         123  0.98452370731991989     
          48         124  0.98357774117131325     
          48         125  0.98231234571336679     
          48         126  0.98442659052464621     
          50         127  0.96534890659092931     
          50         128  0.96284450164744728     
          51         129  0.96951878315432216     
          51         130  0.96993135762973948     
          53         131  0.97610811770391626     
          53         132  0.97242365370252182     
          53         133  0.97368086228466244     
          55         134  0.96818993055018820     
          55         135  0.97146320353320492     
          56         136  0.95607673051024267     
          57         137  0.97107490174434485     
          57         138  0.95388873144767961     
          59         139  0.96896277236924555     
          59         140  0.96382410963466492     
          60         141  0.96561754184928106     
          60         142  0.96520418344012571     
          63         143  0.96612563424085862     
          63         144  0.96965633732566381     
          64         145  0.97753045488506041     
          64         146  0.97466706900021016     
          65         147  0.97574203422357741     
          65         148  0.97346104358975616     
          69         149  0.96622039966871887     
          70         150  0.96675445591228604     
          72         151  0.96241414172866069     
