   -0.11757313
    0.10995711
   -0.31724738
    0.04423031
    0.08607061
   -0.23728515
    0.05733807
   -0.04365497
   -0.01469313
    0.00703591
    0.02628507
   -0.02690714
   -0.00139003
   -0.10918245
   -0.03951052
   -0.07220265
    0.02276742
   -0.11213064
   -0.10677779
    0.06509638
   -0.25768722
    0.35282662
    0.02685254
   -0.19599047
   -0.02336073
    0.24175030
    0.02604699
   -0.16459541
    0.27166733
    0.00909614
   -0.01455942
   -0.11073382
   -0.11287044
   -0.07250012
    0.24812695
    0.15251476
   -0.06923690
    0.00265289
   -0.09097836
    0.28952985
   -0.07718902
   -0.02757289
    0.10283420
   -0.17353988
   -0.03244038
   -0.03253932
   -0.10784733
   -0.10908772
   -0.46100831
   -0.00009035
   -0.06423832
   -0.46473554
   -0.05812016
   -0.46157537
   -0.07263028
    0.11062820
    0.01026194
   -0.16753887
    0.00041080
    0.07869858
   -0.31993653
   -0.43760806
   -0.01005854
   -0.06267959
   -0.06630977
   -0.40330074
   -0.02853128
    0.03338813
   -0.04644881
   -0.05943776
    0.04701352
   -0.07306866
   -0.27159932
    0.07398651
    0.03917304
    0.03948955
    0.03804625
    0.02716021
    0.02971145
    0.05328365
    0.03882377
    0.03654029
    0.03548800
    0.04400178
    0.07531532
    0.04694970
    0.03724491
    0.04134076
    0.04448413
    0.05712325
    0.03457085
    0.04250643
    0.04186239
    0.03981155
    0.03792118
    0.04631888
    0.05770683
    0.06458483
    0.02638151
    0.18819253
    0.06367374
    0.20474458
    0.07930876
    0.04752277
    0.04398572
    0.04224771
    0.04326858
    0.04178419
    0.04987894
    0.04096129
    0.05902034
    0.05701441
    0.09265716
    0.04793568
    0.04088892
    0.01889365
    0.03768934
    0.04036209
    0.03876677
    0.01544188
    0.04199865
    0.04428459
    0.05363963
    0.04159455
    0.05325168
    0.04125257
    0.05593559
    0.05474639
    0.06056805
    0.06645886
    0.06025240
    0.07487360
    0.08060470
    0.08154135
    0.04622340
    0.02397461
    0.03505917
    0.02530444
    0.03575847
    0.04802167
    0.02379522
    0.05280262
    0.07878307
    0.06483560
    0.04242721
    0.04936142
    0.06311114
    0.05609071
    0.02616881
    0.02217729
    0.02815650
