           1           2  0.98197360653201404     
           2           3  0.96403317084700901     
           3           4  0.99972385224694127     
           2           5  0.98258313893076576     
           5           6   1.4142870551292512     
           6           7   1.4427762669412039     
           5           8  0.10807851109983276     
           7           8   1.4171381566972527     
           8           9   1.4492951418197642     
           5          10   1.3625990531476426     
           7          10  0.11152600483681012     
           9          10   1.3960030517337965     
          10          11   1.0182854544547764     
          11          12   1.1690433208203710     
          12          13  0.99311066740736986     
          13          14   1.0061051769264771     
          11          15   1.5120741893019642     
          15          16   1.0178839317976609     
          16          17  0.96851464430108458     
          17          18  0.99716024808470372     
          17          19  0.99879714758943472     
          17          20  0.97048224638727820     
          20          21  0.92652933802847448     
          21          22   1.1595471324247382     
          22          23  0.94036581680880471     
          23          24  0.98825665319199507     
          24          25   1.0052212358934378     
          25          26   1.2548848998299524     
          26          27  0.92045757362475622     
          27          28  0.97448955430228101     
          28          29   1.2963122895824861     
          29          30  0.93546082541207776     
          30          31  0.96557063761021256     
          31          32   1.0071341717517563     
          31          33   1.0069862535895426     
          30          34  0.96541435382362262     
          34          35   1.2934404916142648     
          35          36  0.92643807013852786     
          36          37  0.97366659614803952     
          37          38  0.99372167328593153     
          38          39  0.98908949269814228     
          39          40   1.2355791277339068     
          40          41   1.0268413656681061     
          41          42   2.7515309580331442     
          42          43   1.0138358750074949     
          43          44  0.96449923499561352     
          44          45   1.0133311895630970     
          44          46   1.0142833463790932     
          43          47  0.97252230282969521     
          43          48  0.97617655178805685     
          39          49  0.19284863874882840     
          40          49   1.6091373122991253     
          39          50  0.99546807449450070     
          36          51  0.98325579583653278     
          50          51  0.99665985271403801     
          34          52  0.20173426846391720     
          35          52   1.6247037803797608     
          34          53  0.99462812339708850     
          28          54  0.19840208490852737     
          29          54   1.6320022849463323     
          27          55  0.99198864842894352     
          55          56  0.98662059879290076     
          56          57  0.98295544290020054     
          57          58   1.0027331434734985     
          58          59  0.98444784627052973     
          59          60  0.99505452999674082     
          56          61  0.97501278138523273     
          60          61  0.98367283849692466     
          25          62  0.20338273132377077     
          26          62   1.6653304731866998     
          25          63  0.97340508443669616     
          63          64  0.99629466413183787     
          23          65  0.99095408189856082     
          64          65   1.0083530672592274     
          21          66  0.18005510884995116     
          22          66   1.7493852814895523     
          15          67   1.2130083483220850     
          12          68   1.1710906903790628     
          67          68   1.2421965286927830     
          68          69   1.3261328953927327     
          69          70   1.5090958381720747     
          58          71   1.0498504898365306     
          70          71   1.3092355331258636     
          67          72   1.3168134566374574     
          69          72  0.10345952061571898     
          71          72   1.4399856904307098     
          36          73  0.90057403391905166     
           1          74  0.97449096117095091     
           1          75  0.98515515524360286     
           1          76  0.98292184888882084     
           2          77  0.95746447670726043     
           4          78  0.97609405421784667     
           4          79  0.97541961257641763     
           4          80  0.97811240797408083     
           7          81  0.96335362551662396     
           8          82  0.96933685019014715     
           9          83  0.96520101091985833     
          13          84  0.96956705242893149     
          13          85  0.96000077818799623     
          14          86  0.98528879356356280     
          14          87  0.98528116700791046     
          14          88  0.98556802590840176     
          16          89  0.96792236536652054     
          16          90  0.96328696701738603     
          18          91  0.98225362593123333     
          18          92  0.98435770178421000     
          18          93  0.98402978882275538     
          19          94  0.98505318479402504     
          19          95  0.98530269284599425     
          19          96  0.98337625865122547     
          20          97  0.96592437421769217     
          20          98  0.96218356725797571     
          23          99  0.93519303698832079     
          24         100  0.90881382922453735     
          27         101  0.94423137603987395     
          28         102  0.92399062338030946     
          30         103  0.94808414240514027     
          31         104  0.96451537753081340     
          32         105  0.98559398871752668     
          32         106  0.98311801039650626     
          32         107  0.98510608689718393     
          33         108  0.98553203122404054     
          33         109  0.98430661549101106     
          33         110  0.98430291917476864     
          37         111  0.96294627003142907     
          37         112  0.96618874359255646     
          38         113  0.95800891807810751     
          38         114  0.96431355662737717     
          45         115  0.97987426411490386     
          45         116  0.97462263384701786     
          45         117  0.98123611035845770     
          46         118  0.97986096726042582     
          46         119  0.98104812828823074     
          46         120  0.97486743936383780     
          47         121  0.98431250237326950     
          47         122  0.98346704509207838     
          47         123  0.98220980425192661     
          48         124  0.98425792415472901     
          48         125  0.98286171366331954     
          48         126  0.98391531441853852     
          50         127  0.96359337805991685     
          50         128  0.96380541152913590     
          51         129  0.97211484873153475     
          51         130  0.96962893062098598     
          53         131  0.97058815349787164     
          53         132  0.97169071916272531     
          53         133  0.96539172523215022     
          55         134  0.96694026003466693     
          55         135  0.97449416019844426     
          56         136  0.95691426694129822     
          57         137  0.96988919111077476     
          57         138  0.95621771909488651     
          59         139  0.97094996537676836     
          59         140  0.95309985987477319     
          60         141  0.96611463526794195     
          60         142  0.97001325565555852     
          63         143  0.96612625118482143     
          63         144  0.96956869864195983     
          64         145  0.97724912583790458     
          64         146  0.97436666753851942     
          65         147  0.97423623806583193     
          65         148  0.97341575133204039     
          69         149  0.96645516802565834     
          70         150  0.96810267843699260     
          72         151  0.95943247217571792     
