   -0.11845614
    0.10996092
   -0.31745946
    0.04403898
    0.08620214
   -0.23715887
    0.05728731
   -0.04359841
   -0.01472390
    0.00719887
    0.02641257
   -0.02598399
   -0.00156520
   -0.10939577
   -0.03970131
   -0.07273122
    0.02279174
   -0.10670727
   -0.11220079
    0.06496858
   -0.25762035
    0.35296748
    0.02673046
   -0.19570414
   -0.02336262
    0.24180666
    0.02605790
   -0.16397122
    0.27211211
    0.01005530
   -0.01472953
   -0.11098640
   -0.11255361
   -0.07294890
    0.24831113
    0.15241484
   -0.06927988
    0.00210573
   -0.09279852
    0.28999207
   -0.07725167
   -0.02601443
    0.10244496
   -0.17220128
   -0.03322472
   -0.03137446
   -0.10795244
   -0.10814494
   -0.45664854
    0.00204965
   -0.06413905
   -0.46493562
   -0.05724997
   -0.46187942
   -0.07252242
    0.11068909
    0.01020790
   -0.16681307
    0.00000560
    0.07880772
   -0.31916233
   -0.43763325
   -0.01008727
   -0.06262488
   -0.06627333
   -0.40292524
   -0.02855792
    0.03393363
   -0.04682072
   -0.05926669
    0.04698040
   -0.07331448
   -0.27175684
    0.03921819
    0.07604388
    0.03835047
    0.03784235
    0.02981222
    0.05288279
    0.02743270
    0.03872971
    0.03640600
    0.03515184
    0.04434353
    0.07484410
    0.04127542
    0.04712268
    0.03737378
    0.04424809
    0.05798065
    0.03805401
    0.04588901
    0.04010285
    0.04179041
    0.03453060
    0.04267312
    0.05771720
    0.06462748
    0.02579195
    0.18779143
    0.06366868
    0.20426861
    0.07771268
    0.04815201
    0.04335330
    0.04376827
    0.04232947
    0.04994609
    0.04098052
    0.04172661
    0.05953474
    0.05640114
    0.09296630
    0.04795512
    0.01523949
    0.03864884
    0.04373016
    0.00771039
    0.04224639
    0.03977091
    0.04487392
    0.05127930
    0.04433540
    0.03967348
    0.04302476
    0.05351503
    0.05271793
    0.05449302
    0.05978917
    0.06635511
    0.07500964
    0.07909255
    0.06094154
    0.08173147
    0.04607116
    0.02363035
    0.03510482
    0.02610173
    0.03453355
    0.04974612
    0.02342127
    0.05213707
    0.07882756
    0.06501404
    0.04220217
    0.04934946
    0.06362057
    0.05549328
    0.02767165
    0.02041323
    0.02757216
