           1           2  0.98238833106967471     
           2           3  0.96341638799856777     
           3           4  0.99966755264766927     
           2           5  0.98244531687706493     
           5           6   1.4143482055363845     
           6           7   1.4428083408034911     
           5           8  0.10805590030328958     
           7           8   1.4169951602133506     
           8           9   1.4494317226507054     
           5          10   1.3626973196984546     
           7          10  0.11149024116591126     
           9          10   1.3955433831991961     
          10          11   1.0186687388920694     
          11          12   1.1690114275987211     
          12          13  0.99324019897361415     
          13          14   1.0061397679013440     
          11          15   1.5117227663126720     
          15          16   1.0180106158319124     
          16          17  0.96849065989686167     
          17          18  0.99882771255455727     
          17          19  0.99725685526407604     
          17          20  0.97024107703029672     
          20          21  0.92652461412082954     
          21          22   1.1599215440527351     
          22          23  0.93988925727751160     
          23          24  0.98756853035602821     
          24          25   1.0053402681613610     
          25          26   1.2546577008854041     
          26          27  0.92036576379715807     
          27          28  0.97479674454356635     
          28          29   1.2963586935950961     
          29          30  0.93484561683245082     
          30          31  0.96678930118536144     
          31          32   1.0071253821150346     
          31          33   1.0067993053020197     
          30          34  0.96439214525210837     
          34          35   1.2930938008851987     
          35          36  0.92626775105714365     
          36          37  0.97412597957608493     
          37          38  0.99267139493480949     
          38          39  0.98910956684514917     
          39          40   1.2297367450018923     
          40          41   1.0249051970149459     
          41          42   2.7539006129889394     
          42          43   1.0130948483924238     
          43          44  0.96248006640583728     
          44          45   1.0136635659540318     
          44          46   1.0161592945642983     
          43          47  0.97624048223337923     
          43          48  0.97487898172375909     
          39          49  0.19227648683685084     
          40          49   1.6164317704416959     
          39          50  0.99606568389449790     
          36          51  0.98308913326362535     
          50          51  0.99625325640645879     
          34          52  0.20137949431467428     
          35          52   1.6253548170414962     
          34          53  0.99472653434978597     
          28          54  0.19853530609495532     
          29          54   1.6329478358222762     
          27          55  0.99181767063619919     
          55          56  0.98650467350477422     
          56          57  0.98293853530884268     
          57          58   1.0026765463756566     
          58          59  0.98459015198409328     
          59          60  0.99485909557237640     
          56          61  0.97514001364395608     
          60          61  0.98416359697777867     
          25          62  0.20308102911305784     
          26          62   1.6654731139859706     
          25          63  0.97325946988394285     
          63          64  0.99630350999805528     
          23          65  0.99123735563322657     
          64          65   1.0083904233864394     
          21          66  0.18033956503688775     
          22          66   1.7498665790158443     
          15          67   1.2127313161221034     
          12          68   1.1712442579926239     
          67          68   1.2425089832864826     
          68          69   1.3258021016647603     
          69          70   1.5093938492308783     
          58          71   1.0508813791620686     
          70          71   1.3088622911727277     
          67          72   1.3162201335531392     
          69          72  0.10339490585107271     
          71          72   1.4396808290092937     
          36          73  0.90053738287614715     
           1          74  0.98290878147559546     
           1          75  0.97355943316463256     
           1          76  0.98513124211880276     
           2          77  0.95757207494021213     
           4          78  0.97542384841730478     
           4          79  0.97825309107784708     
           4          80  0.97628875794142822     
           7          81  0.96334917049727542     
           8          82  0.96933594908514553     
           9          83  0.96509877514548403     
          13          84  0.96962210471994759     
          13          85  0.96061908850695177     
          14          86  0.98560232153141647     
          14          87  0.98529364622758864     
          14          88  0.98518783262100229     
          16          89  0.96789818179767795     
          16          90  0.96283316179526368     
          18          91  0.98530925899624711     
          18          92  0.98342579614549452     
          18          93  0.98498303970537293     
          19          94  0.98415297697472748     
          19          95  0.98194234660628898     
          19          96  0.98433323916791349     
          20          97  0.96598781458353811     
          20          98  0.96208739647074948     
          23          99  0.93608554573438651     
          24         100  0.90953750289262791     
          27         101  0.94432389032460495     
          28         102  0.92447728819556663     
          30         103  0.94895103393242608     
          31         104  0.96429693801765337     
          32         105  0.98516575219802771     
          32         106  0.98559836692997482     
          32         107  0.98312765205470010     
          33         108  0.98433688451021717     
          33         109  0.98426686027942500     
          33         110  0.98555985880261709     
          37         111  0.96253913285816606     
          37         112  0.96616803790020001     
          38         113  0.95822763280205769     
          38         114  0.96539468234192150     
          45         115  0.97507639273989266     
          45         116  0.98109932213398610     
          45         117  0.97972786601097051     
          46         118  0.97345619657948035     
          46         119  0.97930020678930485     
          46         120  0.98071908383048689     
          47         121  0.98365301960885210     
          47         122  0.98278155520886268     
          47         123  0.98393217298468838     
          48         124  0.98355494807200372     
          48         125  0.98404904558402950     
          48         126  0.98261326967500684     
          50         127  0.96316104358942944     
          50         128  0.96414187202289447     
          51         129  0.97219526238946485     
          51         130  0.96885083687208295     
          53         131  0.97159779472954599     
          53         132  0.96603226336875769     
          53         133  0.97088550106087934     
          55         134  0.96684214882805930     
          55         135  0.97447502169883282     
          56         136  0.95691553815213948     
          57         137  0.96965524845770712     
          57         138  0.95651650607641692     
          59         139  0.97106320410012292     
          59         140  0.95252052836159040     
          60         141  0.96603112104266609     
          60         142  0.97008782736505550     
          63         143  0.96612637604972995     
          63         144  0.96961469077402718     
          64         145  0.97723666058920211     
          64         146  0.97434845325009822     
          65         147  0.97411221048508101     
          65         148  0.97352504468601497     
          69         149  0.96639348220598442     
          70         150  0.96809425133386817     
          72         151  0.95944568391168505     
