   -0.11574359
    0.11610047
   -0.31406344
    0.04341078
    0.08739603
   -0.21326777
    0.05666299
   -0.04321889
   -0.01865667
   -0.00244482
    0.01851449
   -0.04555723
    0.00370082
   -0.10982612
   -0.03847501
   -0.07057670
    0.02307568
   -0.11273641
   -0.11317488
    0.07615805
   -0.25124906
    0.35092432
    0.02850005
   -0.19646200
   -0.02099613
    0.24245244
    0.02888006
   -0.16191727
    0.27149274
    0.00530975
   -0.01379688
   -0.10913330
   -0.11145723
   -0.07889205
    0.25012252
    0.15337255
   -0.06738334
    0.00374284
   -0.09691276
    0.28872876
   -0.07638764
   -0.02639821
    0.10232403
   -0.17154220
   -0.03252803
   -0.03397335
   -0.10889172
   -0.10897058
   -0.44410214
    0.00028879
   -0.06508319
   -0.45875832
   -0.05730523
   -0.45006202
   -0.06777411
    0.11228685
    0.00921324
   -0.15683771
    0.00520242
    0.07665475
   -0.31828371
   -0.43757376
   -0.01072801
   -0.06181356
   -0.06446054
   -0.41050226
   -0.02452241
    0.02565808
   -0.05209592
   -0.05599506
    0.05337930
   -0.06275943
   -0.27159971
    0.07046271
    0.03562676
    0.04075128
    0.01461317
    0.05689868
    0.03196809
    0.02658206
    0.04235511
    0.03809970
    0.03748935
    0.04504148
    0.05049106
    0.04109612
    0.04509432
    0.04929892
    0.06075990
    0.04320885
    0.04627147
    0.03803991
    0.03754519
    0.04671072
    0.03911936
    0.04493528
    0.05948959
    0.04828304
    0.02814663
    0.19516832
    0.07056284
    0.20332508
    0.07620481
    0.05499442
    0.04346231
    0.04179148
    0.03268335
    0.04745038
    0.03820669
    0.04593642
    0.05309168
    0.05431130
    0.05001616
    0.08067453
    0.04045531
    0.01177032
    0.04057084
    0.03883078
    0.04345668
    0.01858546
    0.03793540
    0.04285471
    0.05321963
    0.05133272
    0.04330923
    0.04751554
    0.05318146
    0.05607494
    0.06779005
    0.06365892
    0.08400764
    0.05070051
    0.07931951
    0.07000322
    0.04993262
    0.02419934
    0.03099688
    0.02249956
    0.04292527
    0.03188052
    0.02294552
    0.06179931
    0.07958282
    0.06510008
    0.04108282
    0.04821277
    0.05777074
    0.04910474
    0.02399782
    0.02967791
    0.01879743
