           1           2  0.99482787697260078     
           2           3  0.96310145829808913     
           3           4  0.99651915021325777     
           2           5  0.97598674770553839     
           5           6   1.4255730201130801     
           6           7   1.4432917500487159     
           5           8  0.11000844424028003     
           7           8   1.4163918890429481     
           8           9   1.4490899859613251     
           5          10   1.3593036280310433     
           7          10  0.11081475574946970     
           9          10   1.3958759489019883     
          10          11   1.0250891823610504     
          11          12   1.1566939655768831     
          12          13  0.99582306107021568     
          13          14   1.0047150999995622     
          11          15   1.5138907039994389     
          15          16   1.0198002211380617     
          16          17  0.96457466637673139     
          17          18  0.99815992132607456     
          17          19  0.99771965501275661     
          17          20  0.98189261961401120     
          20          21  0.92590118980194724     
          21          22   1.1638165245008643     
          22          23  0.94286756324922061     
          23          24  0.99607139829611735     
          24          25   1.0071827262892052     
          25          26   1.2515022690706024     
          26          27  0.92156300455276807     
          27          28  0.97946975454829399     
          28          29   1.2966426750148361     
          29          30  0.92944275190742653     
          30          31  0.97704544618639766     
          31          32   1.0084523375409515     
          31          33   1.0061883809533807     
          30          34  0.95419972300035993     
          34          35   1.2922903220335631     
          35          36  0.92159735124051734     
          36          37  0.97462776408851104     
          37          38  0.99318275547025325     
          38          39  0.99352851554283717     
          39          40   1.2130462628271252     
          40          41   1.0245624621887528     
          41          42   2.7545743264311358     
          42          43   1.0125907755297539     
          43          44  0.96191850900153186     
          44          45   1.0152911662911497     
          44          46   1.0130226042610753     
          43          47  0.97607359292000917     
          43          48  0.97643263329338281     
          39          49  0.19476632663129137     
          40          49   1.6387601542505368     
          39          50  0.99657500894741102     
          36          51  0.98568663548101632     
          50          51  0.99496702600160236     
          34          52  0.20307562013321828     
          35          52   1.6354619596737001     
          34          53  0.99394199856592613     
          28          54  0.20146356081345751     
          29          54   1.6426239972678818     
          27          55  0.98982377999791427     
          55          56  0.98999505858223369     
          56          57  0.97871518725262885     
          57          58   1.0043264069201929     
          58          59  0.98680587064296166     
          59          60  0.99493841326095156     
          56          61  0.97823118579653046     
          60          61  0.98446936923466288     
          25          62  0.20201747820674060     
          26          62   1.6683432956136959     
          25          63  0.97483161893870429     
          63          64  0.99619827873835465     
          23          65  0.98558060386117163     
          64          65   1.0066764163332225     
          21          66  0.18025526226965477     
          22          66   1.7407274350883732     
          15          67   1.2106823887896225     
          12          68   1.1576129528712149     
          67          68   1.2466277342628904     
          68          69   1.3278566907410956     
          69          70   1.5109058929550103     
          58          71   1.0621009029442510     
          70          71   1.3044407680845189     
          67          72   1.3207565270266184     
          69          72  0.10352678605685363     
          71          72   1.4415699335065637     
          36          73  0.89806055048256583     
           1          74  0.98235511663701436     
           1          75  0.98436388821135279     
           1          76  0.98346313912718930     
           2          77  0.95426973273934657     
           4          78  0.97871328233043120     
           4          79  0.97652552580221952     
           4          80  0.97585806862768620     
           7          81  0.96318549251294194     
           8          82  0.96939868892335468     
           9          83  0.96800874664700509     
          13          84  0.96794143529957444     
          13          85  0.96874996600574792     
          14          86  0.98542468245553094     
          14          87  0.98499573460142642     
          14          88  0.98645933268550490     
          16          89  0.96276777575382000     
          16          90  0.96792519061358551     
          18          91  0.98246237071191955     
          18          92  0.98496803870153193     
          18          93  0.98381406767769830     
          19          94  0.98432467757402309     
          19          95  0.98487625526130940     
          19          96  0.98490009301246795     
          20          97  0.96267151774416360     
          20          98  0.96618639964670894     
          23          99  0.92818433000516254     
          24         100  0.90733084707693590     
          27         101  0.93939865231051367     
          28         102  0.92149551585638412     
          30         103  0.94951399501198319     
          31         104  0.96379033585858198     
          32         105  0.98544751262403130     
          32         106  0.98578275194707288     
          32         107  0.98431528171564275     
          33         108  0.98422108500762251     
          33         109  0.98644655457295205     
          33         110  0.98516684335565718     
          37         111  0.97069675543598655     
          37         112  0.97350163979561233     
          38         113  0.96622860832993607     
          38         114  0.96330206925787831     
          45         115  0.98070119891841823     
          45         116  0.97438759033414524     
          45         117  0.97945532803839008     
          46         118  0.98100229403870198     
          46         119  0.97978045836169270     
          46         120  0.97525432663734923     
          47         121  0.98361762143533360     
          47         122  0.98427560725677576     
          47         123  0.98298161244608129     
          48         124  0.98271740847457245     
          48         125  0.98402572977082192     
          48         126  0.98340722558448512     
          50         127  0.96534208498211282     
          50         128  0.96306913218454515     
          51         129  0.97091019451956240     
          51         130  0.97059222637402387     
          53         131  0.96786005774845729     
          53         132  0.97125981592391764     
          53         133  0.97255975360104641     
          55         134  0.96818200321476622     
          55         135  0.97162453864342990     
          56         136  0.95577336681029512     
          57         137  0.97171507228747644     
          57         138  0.95372724627623406     
          59         139  0.96984612225921363     
          59         140  0.96440671805742473     
          60         141  0.96615891409307297     
          60         142  0.96588770607326491     
          63         143  0.96625561012522021     
          63         144  0.96959813548844531     
          64         145  0.97762754040473698     
          64         146  0.97473842969914049     
          65         147  0.97568197002398671     
          65         148  0.97380706266419215     
          69         149  0.96609659998401054     
          70         150  0.96726950879733420     
          72         151  0.96247210890019108     
