   -0.11390221
    0.11117898
   -0.31571190
    0.04362872
    0.08521138
   -0.23769052
    0.05768129
   -0.04354677
   -0.01433114
    0.00645949
    0.02454019
   -0.03830466
   -0.00467956
   -0.10874781
   -0.03892897
   -0.07017336
    0.02271843
   -0.10726435
   -0.11206828
    0.06526890
   -0.25753771
    0.35269056
    0.02693459
   -0.19664407
   -0.02293519
    0.24227691
    0.02613325
   -0.16643249
    0.27127489
    0.00738453
   -0.01455779
   -0.10953458
   -0.11297760
   -0.07046460
    0.24778719
    0.15250611
   -0.06768119
    0.00691303
   -0.09129200
    0.29061941
   -0.07412325
   -0.01348419
    0.10102582
   -0.17055082
   -0.03195251
   -0.03120000
   -0.10560228
   -0.10853248
   -0.45588210
   -0.00014267
   -0.06525280
   -0.46590437
   -0.05640531
   -0.45902568
   -0.07279741
    0.11068530
    0.00953421
   -0.16817672
    0.00069938
    0.07872577
   -0.32213729
   -0.43670229
   -0.01027802
   -0.06270665
   -0.06632085
   -0.40375961
   -0.02957903
    0.02780234
   -0.04828606
   -0.05899375
    0.04733357
   -0.07385413
   -0.27089748
    0.05309743
    0.04502597
    0.04186909
    0.03808378
    0.05522118
    0.02821693
    0.02956995
    0.03940814
    0.03735587
    0.03813552
    0.03935529
    0.08277160
    0.03612950
    0.04309686
    0.04898705
    0.04645969
    0.05317525
    0.04721985
    0.03955446
    0.03749941
    0.04140141
    0.04226735
    0.03511681
    0.05792799
    0.06494319
    0.02659858
    0.18903818
    0.06298860
    0.20531402
    0.08082543
    0.04716817
    0.04348945
    0.04378724
    0.04032881
    0.04085874
    0.04209860
    0.04958713
    0.05815774
    0.06185685
    0.08076063
    0.05006976
    0.04740269
    0.00975279
    0.03875369
    0.03857121
    0.01115801
    0.04030837
    0.03464894
    0.04085351
    0.03805454
    0.05451772
    0.04414524
    0.04105442
    0.05516371
    0.05481344
    0.05869320
    0.06996410
    0.08697918
    0.05685082
    0.07057421
    0.08157661
    0.04601185
    0.02423462
    0.03517038
    0.02501356
    0.03892517
    0.04507794
    0.02455854
    0.05328015
    0.07890102
    0.06486818
    0.04224079
    0.04937085
    0.06255661
    0.05666441
    0.04030101
    0.02546860
    0.02964266
