           1           2  0.97994272550221939     
           2           3  0.97048303211025011     
           3           4  0.99848346800111110     
           2           5  0.98238988448675957     
           5           6   1.4128887671616821     
           6           7   1.4438114897846854     
           5           8  0.10800610210046634     
           7           8   1.4164180949268728     
           8           9   1.4501768758199041     
           5          10   1.3647194202421176     
           7          10  0.11127401219326644     
           9          10   1.3952993607472659     
          10          11   1.0168818635307915     
          11          12   1.1669130651680986     
          12          13  0.99150305134426509     
          13          14   1.0059332290552763     
          11          15   1.5148802810769051     
          15          16   1.0177741451557201     
          16          17  0.96826027791232372     
          17          18  0.99869538153319759     
          17          19  0.99673600070843504     
          17          20  0.97171964993503213     
          20          21  0.92622257456065971     
          21          22   1.1594148273357532     
          22          23  0.94063945381956604     
          23          24  0.98911596344665287     
          24          25   1.0052097768449313     
          25          26   1.2546908879787932     
          26          27  0.92116523299787456     
          27          28  0.97447074495250119     
          28          29   1.2949296731123405     
          29          30  0.93662889693666007     
          30          31  0.96190941283845022     
          31          32   1.0076509696034774     
          31          33   1.0075276607303885     
          30          34  0.96815546698887223     
          34          35   1.2967972908547973     
          35          36  0.92639995623900917     
          36          37  0.97237720086188095     
          37          38  0.99413938084077746     
          38          39  0.98965626071482427     
          39          40   1.2319624182152171     
          40          41   1.0267053226935063     
          41          42   2.7550305446620080     
          42          43   1.0207034761359557     
          43          44  0.97360363416080375     
          44          45   1.0156156874520725     
          44          46   1.0173280853162401     
          43          47  0.96032750073398021     
          43          48  0.97090001707410067     
          39          49  0.19475585433531159     
          40          49   1.6156878835590405     
          39          50  0.99558530777185339     
          36          51  0.98185689183524971     
          50          51  0.99643270115627003     
          34          52  0.20166949731479569     
          35          52   1.6212661783123279     
          34          53  0.99382213500101291     
          28          54  0.19887562145185725     
          29          54   1.6327754036370272     
          27          55  0.99138752845059253     
          55          56  0.98647132078619404     
          56          57  0.98365788134072984     
          57          58   1.0024695562237418     
          58          59  0.98364399858165452     
          59          60  0.99584409955210806     
          56          61  0.97433286674845843     
          60          61  0.98248615918475712     
          25          62  0.20380568005463931     
          26          62   1.6662141011530767     
          25          63  0.97361269017820729     
          63          64  0.99618702700663331     
          23          65  0.99057199661298645     
          64          65   1.0083337676354860     
          21          66  0.17997326293888322     
          22          66   1.7489110590604848     
          15          67   1.2120233509761236     
          12          68   1.1644417106848528     
          67          68   1.2449861606712984     
          68          69   1.3263426616491272     
          69          70   1.5095019915883150     
          58          71   1.0493574720686416     
          70          71   1.3082255582010773     
          67          72   1.3180557587053974     
          69          72  0.10488146186627957     
          71          72   1.4422157384766068     
          36          73  0.90375020819098095     
           1          74  0.98130047064383352     
           1          75  0.98524457862724235     
           1          76  0.98257507007732725     
           2          77  0.95437571961951506     
           4          78  0.97512371589224878     
           4          79  0.97533651947043576     
           4          80  0.97456548378692665     
           7          81  0.96332025516971886     
           8          82  0.96928784504400411     
           9          83  0.96536452851021637     
          13          84  0.96980462365183628     
          13          85  0.95814468145734344     
          14          86  0.98540314452651900     
          14          87  0.98527538298554118     
          14          88  0.98532384100889492     
          16          89  0.96762529719904755     
          16          90  0.96564043750117734     
          18          91  0.98337751547416374     
          18          92  0.98514803915125315     
          18          93  0.98532621725311342     
          19          94  0.98455237054082978     
          19          95  0.98348464385276713     
          19          96  0.98305098248305245     
          20          97  0.96552947730905547     
          20          98  0.96185504992950643     
          23          99  0.93408847049356347     
          24         100  0.90810610423116023     
          27         101  0.94381400362581891     
          28         102  0.92300514954498614     
          30         103  0.94719329902206151     
          31         104  0.96494065519196681     
          32         105  0.98487730122797335     
          32         106  0.98571144837816449     
          32         107  0.98403216705511609     
          33         108  0.98434803999122522     
          33         109  0.98560127250946339     
          33         110  0.98429056437713969     
          37         111  0.96686891184165824     
          37         112  0.96436636595851155     
          38         113  0.95906333898362950     
          38         114  0.96318160725867863     
          45         115  0.97658528292725078     
          45         116  0.97290516665698701     
          45         117  0.98096414267439824     
          46         118  0.98031010494471582     
          46         119  0.97224986864708929     
          46         120  0.97960213304957877     
          47         121  0.98599702421176372     
          47         122  0.98141582776709879     
          47         123  0.98518147430408243     
          48         124  0.98510004035856702     
          48         125  0.97999019129962694     
          48         126  0.98496746858901474     
          50         127  0.96318135092663548     
          50         128  0.96398713468016650     
          51         129  0.97241038110829181     
          51         130  0.97007993687075145     
          53         131  0.96637648012097310     
          53         132  0.97093430981743445     
          53         133  0.96801411613499144     
          55         134  0.96707229217079060     
          55         135  0.97452213230373508     
          56         136  0.95701217206508904     
          57         137  0.96993108822922558     
          57         138  0.95502954898249415     
          59         139  0.96990165938382500     
          59         140  0.95470843780321879     
          60         141  0.96613665340871324     
          60         142  0.96987879396204735     
          63         143  0.96613660126190715     
          63         144  0.96957447666787833     
          64         145  0.97725482667556451     
          64         146  0.97436909342638178     
          65         147  0.97436022581372606     
          65         148  0.97331924488524113     
          69         149  0.96510682088423394     
          70         150  0.96739708159189230     
          72         151  0.95901456972670085     
