   -0.11547740
    0.10787851
   -0.31911810
    0.03612743
    0.07885131
   -0.22979411
    0.05595619
   -0.04320084
   -0.01798834
   -0.00251196
    0.01673617
   -0.04600054
    0.00355610
   -0.10979784
   -0.03628582
   -0.07390939
    0.02349681
   -0.11305927
   -0.11183591
    0.07532478
   -0.24888152
    0.35137554
    0.02840550
   -0.19644707
   -0.02191187
    0.24225548
    0.02811927
   -0.16787378
    0.27084950
    0.00371008
   -0.01190483
   -0.11021303
   -0.11120735
   -0.07975821
    0.25113190
    0.15582207
   -0.06351374
    0.00350652
   -0.09601708
    0.28876767
   -0.07597295
   -0.02657937
    0.10221479
   -0.17206350
   -0.03198785
   -0.03379477
   -0.10859550
   -0.10900708
   -0.44307216
    0.00163856
   -0.06723857
   -0.46733500
   -0.04821419
   -0.44451314
   -0.06863897
    0.11272492
    0.00748837
   -0.15623915
    0.00532943
    0.07808257
   -0.32411661
   -0.43646680
   -0.01062200
   -0.06185071
   -0.06514162
   -0.41333100
   -0.02347305
    0.02645511
   -0.05202969
   -0.05589117
    0.05368377
   -0.06111581
   -0.27045438
    0.03426315
    0.04989167
    0.06231231
    0.04707619
    0.03372752
    0.05062397
    0.04600367
    0.03763130
    0.03667406
    0.03639636
    0.04500030
    0.05020278
    0.04990939
    0.04061831
    0.04501399
    0.06367075
    0.04674897
    0.04875755
    0.03903973
    0.04301884
    0.03753913
    0.04407470
    0.03780690
    0.06031897
    0.04793133
    0.02882638
    0.19395321
    0.07119047
    0.20257302
    0.08007585
    0.05192637
    0.03595895
    0.04389794
    0.04127459
    0.04558341
    0.04743062
    0.03877373
    0.04844817
    0.06120727
    0.04961742
    0.08133957
    0.04058570
    0.01022182
    0.03970364
    0.04376159
    0.01753439
    0.03918999
    0.04368199
    0.05319068
    0.03741112
    0.04752140
    0.05081906
    0.04400936
    0.05186776
    0.05497442
    0.07122990
    0.06089386
    0.05970460
    0.06826607
    0.07693164
    0.06957318
    0.05211509
    0.02340043
    0.03273563
    0.02695077
    0.04324916
    0.03151373
    0.02274883
    0.05884023
    0.07958414
    0.06483145
    0.04191181
    0.04823542
    0.05783492
    0.05024520
    0.02426216
    0.02938422
    0.01972056
