           1           2  0.99427776576885618     
           2           3  0.96340021993824132     
           3           4  0.99075250521183311     
           2           5  0.97532581284959352     
           5           6   1.4185121418558804     
           6           7   1.4355074670962173     
           5           8  0.10786853769382652     
           7           8   1.4200213877184484     
           8           9   1.4464737949763864     
           5          10   1.3546289824084896     
           7          10  0.11000163032129553     
           9          10   1.3947389728792585     
          10          11   1.0299796170892539     
          11          12   1.1533246564253381     
          12          13  0.99569939101737781     
          13          14   1.0046119165864655     
          11          15   1.5113870350479817     
          15          16   1.0200976012844067     
          16          17  0.96466388759886146     
          17          18  0.99781122809553413     
          17          19  0.99820971302838080     
          17          20  0.98119097211977702     
          20          21  0.92648048968443719     
          21          22   1.1666489297387688     
          22          23  0.94270834219609856     
          23          24  0.99439457362055206     
          24          25   1.0068610529159201     
          25          26   1.2500146573398538     
          26          27  0.92143654542573994     
          27          28  0.98037405749918571     
          28          29   1.2890818989012742     
          29          30  0.92760813461718217     
          30          31  0.97913213702438018     
          31          32   1.0085747474700446     
          31          33   1.0055923537669467     
          30          34  0.95420313005113722     
          34          35   1.2935687924323689     
          35          36  0.93005689119277579     
          36          37  0.96791146476647860     
          37          38  0.99407828790652197     
          38          39  0.99290069367213707     
          39          40   1.2138016658531483     
          40          41   1.0233989560627317     
          41          42   2.7554869845575043     
          42          43   1.0127153519158136     
          43          44  0.96204153714337826     
          44          45   1.0159774808147712     
          44          46   1.0130998458565366     
          43          47  0.97508038819204434     
          43          48  0.97705904527356391     
          39          49  0.19554690737497374     
          40          49   1.6396248083320426     
          39          50  0.99693638979184074     
          36          51  0.98019643219987496     
          50          51  0.99571860509031118     
          34          52  0.19701992826565407     
          35          52   1.6236836746458974     
          34          53  0.99084099084442956     
          28          54  0.20184673854618934     
          29          54   1.6544773450559378     
          27          55  0.98915546358985451     
          55          56  0.99066507032983819     
          56          57  0.97939530296058419     
          57          58   1.0035644193339104     
          58          59  0.98825357185041351     
          59          60  0.99494458469305302     
          56          61  0.97472592733709962     
          60          61  0.98348557495770950     
          25          62  0.20172469792205583     
          26          62   1.6700700333136465     
          25          63  0.97466760741824654     
          63          64  0.99634175028113947     
          23          65  0.98746518900682945     
          64          65   1.0066407514446867     
          21          66  0.18055133522311198     
          22          66   1.7363447955533780     
          15          67   1.2107360961021771     
          12          68   1.1583552274804449     
          67          68   1.2470876295413122     
          68          69   1.3275620592280839     
          69          70   1.5110349242055978     
          58          71   1.0619149778899786     
          70          71   1.3041565967185529     
          67          72   1.3209285781130027     
          69          72  0.10373668763983211     
          71          72   1.4420527538881731     
          36          73  0.90528011216739745     
           1          74  0.98422854721375497     
           1          75  0.98403823158340176     
           1          76  0.98179047144761877     
           2          77  0.95662801050572854     
           4          78  0.97817293182258491     
           4          79  0.97947155441545175     
           4          80  0.97087905588041479     
           7          81  0.96364507198653726     
           8          82  0.96942598162857074     
           9          83  0.96800612992599100     
          13          84  0.96732619445040169     
          13          85  0.96867281271663952     
          14          86  0.98635037913985391     
          14          87  0.98536642793290252     
          14          88  0.98500703623494157     
          16          89  0.96050597816185068     
          16          90  0.96749482581516633     
          18          91  0.98420989097599509     
          18          92  0.98489923547478575     
          18          93  0.98501280610083541     
          19          94  0.98387812709792732     
          19          95  0.98272905980930669     
          19          96  0.98494622616790128     
          20          97  0.96324321952338177     
          20          98  0.96580981362055951     
          23          99  0.92789774186466478     
          24         100  0.90861461980568325     
          27         101  0.93944631293115632     
          28         102  0.91960133274056455     
          30         103  0.94613510522723132     
          31         104  0.96007613829849436     
          32         105  0.98545355953092117     
          32         106  0.98534796124949864     
          32         107  0.98615092342794808     
          33         108  0.98530242177855720     
          33         109  0.98471427684773738     
          33         110  0.98623100212377957     
          37         111  0.97305754795542254     
          37         112  0.97318455303846063     
          38         113  0.96579918430169132     
          38         114  0.96285692758445651     
          45         115  0.98064507331147144     
          45         116  0.97372961435259653     
          45         117  0.97940931085688820     
          46         118  0.97978206972808313     
          46         119  0.97527401502663258     
          46         120  0.98101542376313478     
          47         121  0.98420254670012164     
          47         122  0.98284420776356418     
          47         123  0.98356116430146701     
          48         124  0.98341239241157230     
          48         125  0.98284068001398095     
          48         126  0.98391506912456306     
          50         127  0.96496994014770743     
          50         128  0.96219017034330534     
          51         129  0.96980232379148279     
          51         130  0.96995783963546134     
          53         131  0.97606038280575946     
          53         132  0.97289593755064563     
          53         133  0.97348216517038599     
          55         134  0.96800066921659145     
          55         135  0.97132063603961816     
          56         136  0.95602443332079767     
          57         137  0.97145749501283207     
          57         138  0.95321692432465666     
          59         139  0.96960229162676081     
          59         140  0.96391559440091590     
          60         141  0.96569736201342593     
          60         142  0.96547487109785346     
          63         143  0.96622639665326315     
          63         144  0.96970388357406390     
          64         145  0.97753064808375689     
          64         146  0.97476607883077082     
          65         147  0.97557587942810642     
          65         148  0.97362979634600622     
          69         149  0.96603940321621506     
          70         150  0.96723979988130704     
          72         151  0.96226175819646975     
