   -0.11714956
    0.11602696
   -0.31455710
    0.04395186
    0.08871133
   -0.21287488
    0.05637639
   -0.04346755
   -0.01792147
   -0.00201855
    0.01623268
   -0.04342513
    0.00670923
   -0.11031137
   -0.03848113
   -0.07384503
    0.02162010
   -0.10970028
   -0.11580663
    0.06899900
   -0.24637199
    0.35527697
    0.01893269
   -0.18419503
   -0.01851223
    0.24028293
    0.02143776
   -0.16933162
    0.27236522
    0.00331779
   -0.01412573
   -0.10916855
   -0.11184622
   -0.07477118
    0.24654346
    0.15145693
   -0.06286969
    0.00349963
   -0.09674882
    0.28865302
   -0.07606320
   -0.02484886
    0.10229579
   -0.17392765
   -0.03252296
   -0.03025415
   -0.10916105
   -0.10811157
   -0.44430947
    0.00402977
   -0.06921099
   -0.45805542
   -0.06404867
   -0.44737190
   -0.07410633
    0.10859383
    0.00309654
   -0.16418457
   -0.00004787
    0.08177997
   -0.33247356
   -0.45190015
   -0.01042992
   -0.06229144
   -0.06423237
   -0.41213898
   -0.02122800
    0.03198198
   -0.05025713
   -0.05232958
    0.05413486
   -0.05592619
   -0.26801751
    0.06989947
    0.03832235
    0.04081574
    0.01499283
    0.05459173
    0.03226649
    0.02734207
    0.04233846
    0.03803291
    0.03726029
    0.04646612
    0.03977030
    0.04386126
    0.05593076
    0.04280795
    0.06000276
    0.04564591
    0.03967733
    0.04243234
    0.04510484
    0.03534220
    0.03412643
    0.05213272
    0.06482842
    0.04663765
    0.05229738
    0.16471143
    0.07105560
    0.20249819
    0.07904120
    0.05073645
    0.04447565
    0.03501202
    0.04389948
    0.04335216
    0.04797901
    0.03912964
    0.06551198
    0.06127653
    0.05198355
    0.05345337
    0.03864627
    0.04397314
    0.01178608
    0.03924245
    0.00547699
    0.04292176
    0.05219741
    0.04678667
    0.04431343
    0.05205940
    0.04167942
    0.04626121
    0.08012923
    0.05019163
    0.05374565
    0.05303630
    0.09608840
    0.04668695
    0.07941532
    0.05417687
    0.04969423
    0.03445981
    0.05778122
    0.03604269
    0.04327681
    0.03210137
    0.04273478
    0.01703276
    0.08308419
    0.06295010
    0.04486051
    0.05039293
    0.05431129
    0.05647638
    0.02631815
    0.03841072
    0.03285708
