           1           2  0.99547664772514910     
           2           3  0.96270363188180397     
           3           4  0.99646232447072602     
           2           5  0.97612706312169650     
           5           6   1.4268735662732666     
           6           7   1.4426904188455740     
           5           8  0.11046464845691402     
           7           8   1.4171742473558642     
           8           9   1.4473443356972182     
           5          10   1.3573328228508654     
           7          10  0.11169805794884413     
           9          10   1.3967947076572558     
          10          11   1.0205898372275517     
          11          12   1.1554653796082504     
          12          13  0.99552986821115330     
          13          14   1.0056232122767665     
          11          15   1.5161960091740740     
          15          16   1.0194600228808859     
          16          17  0.96639473993891900     
          17          18  0.99906242227293407     
          17          19  0.99758454172152422     
          17          20  0.97648991912685468     
          20          21  0.92590438424411781     
          21          22   1.1721120539095409     
          22          23  0.93931983488275794     
          23          24  0.99063089283551575     
          24          25   1.0048034586669801     
          25          26   1.2653080292232506     
          26          27  0.93690898642520648     
          27          28  0.99398877761891979     
          28          29   1.2801705031160888     
          29          30  0.93310122812305041     
          30          31  0.96648855108638598     
          31          32   1.0085132130876637     
          31          33   1.0067301329423117     
          30          34  0.96346813731635539     
          34          35   1.2920048720395534     
          35          36  0.91974619407601699     
          36          37  0.98508918363596787     
          37          38  0.99548609973862034     
          38          39  0.99665608106162840     
          39          40   1.2150421381686634     
          40          41   1.0242664421061172     
          41          42   2.7535450958090766     
          42          43   1.0139846430254960     
          43          44  0.96364261484374647     
          44          45   1.0145836424403092     
          44          46   1.0169055175751798     
          43          47  0.97431699353985668     
          43          48  0.97399952770062548     
          39          49  0.19493524452403327     
          40          49   1.6370913081333451     
          39          50  0.99300808936890228     
          36          51  0.97580290295578997     
          50          51  0.99427711909404182     
          34          52  0.20660493055535134     
          35          52   1.6395037109282693     
          34          53  0.99356122653683265     
          28          54  0.19928002985131987     
          29          54   1.6583394147522095     
          27          55  0.96272991908013761     
          55          56  0.98350251360714303     
          56          57  0.97495688354011323     
          57          58  0.99481434607553731     
          58          59   1.0052913168024631     
          59          60  0.97964024452257936     
          56          61  0.96685800603571670     
          60          61  0.98532006813957551     
          25          62  0.20095884894361479     
          26          62   1.6373167393481962     
          25          63  0.97404843817417408     
          63          64  0.99806452696406689     
          23          65  0.98393177153038480     
          64          65   1.0069297544019240     
          21          66  0.18152890563765153     
          22          66   1.7379181201404048     
          15          67   1.2066388862505337     
          12          68   1.1623733075788474     
          67          68   1.2475675172528513     
          68          69   1.3288808037204953     
          69          70   1.5061530951375943     
          58          71   1.0258531033955476     
          70          71   1.3197588408206469     
          67          72   1.3246135807451562     
          69          72  0.10688381781485978     
          71          72   1.4586821969325268     
          36          73  0.90201160041168926     
           1          74  0.98254853136824549     
           1          75  0.98538112166409286     
           1          76  0.98340424517174596     
           2          77  0.95460685645276822     
           4          78  0.97871624064985574     
           4          79  0.97630933231307082     
           4          80  0.97597830462909396     
           7          81  0.96318869450988565     
           8          82  0.96943863371526962     
           9          83  0.96650724145272560     
          13          84  0.96824557898783770     
          13          85  0.97005915096489603     
          14          86  0.98491087029640445     
          14          87  0.98467965162775239     
          14          88  0.98523316131654837     
          16          89  0.95747226885763215     
          16          90  0.97012439653781124     
          18          91  0.98482109216601865     
          18          92  0.98564472887611354     
          18          93  0.98379938495909713     
          19          94  0.98459965612737710     
          19          95  0.97800565424803620     
          19          96  0.98293143831249519     
          20          97  0.95958348739307808     
          20          98  0.96520092736236895     
          23          99  0.93247589407231679     
          24         100  0.92964595625730673     
          27         101  0.94141470151846440     
          28         102  0.92166980005347998     
          30         103  0.94970189215141154     
          31         104  0.96448569700812725     
          32         105  0.98562772440510704     
          32         106  0.98460388881535299     
          32         107  0.98491488864815413     
          33         108  0.98579767597961099     
          33         109  0.98478515468284844     
          33         110  0.98419317790213678     
          37         111  0.97175288273993576     
          37         112  0.97176522492404382     
          38         113  0.95948440950161284     
          38         114  0.96463007978936888     
          45         115  0.98104138864219470     
          45         116  0.97917047101084342     
          45         117  0.97430438656291063     
          46         118  0.98080707840792680     
          46         119  0.97064285389722682     
          46         120  0.97965502453609810     
          47         121  0.98273599919391175     
          47         122  0.98380952453717163     
          47         123  0.98311469994214917     
          48         124  0.98223931609822557     
          48         125  0.98401968337191015     
          48         126  0.98382734474133415     
          50         127  0.96325251534056788     
          50         128  0.96548026601983539     
          51         129  0.96949624640371690     
          51         130  0.97349281595959136     
          53         131  0.96013754697020259     
          53         132  0.97077234090103670     
          53         133  0.97205044408315866     
          55         134  0.97089135064651477     
          55         135  0.96914643012137336     
          56         136  0.95662016698669217     
          57         137  0.96893266964961755     
          57         138  0.96948147761798065     
          59         139  0.97473979727898452     
          59         140  0.97045637066858448     
          60         141  0.97227179292185739     
          60         142  0.97165343994273357     
          63         143  0.96489121919798038     
          63         144  0.96728877304416760     
          64         145  0.97688593178685079     
          64         146  0.97393244451089234     
          65         147  0.97591541301683238     
          65         148  0.97356452417057460     
          69         149  0.96627463622042331     
          70         150  0.96874011877405652     
          72         151  0.96044262818719250     
