   -0.11597454
    0.11261080
   -0.32130991
    0.04422451
    0.08821885
   -0.23351952
    0.05764017
   -0.04403305
   -0.01773554
    0.00587768
    0.02640320
   -0.02556790
    0.00271175
   -0.10930582
   -0.04668573
   -0.06255778
    0.02071717
   -0.10559393
   -0.11403687
    0.06756625
   -0.25807985
    0.35458377
    0.02659380
   -0.19758253
   -0.02289493
    0.24249545
    0.02278410
   -0.18185909
    0.27073355
    0.00807793
   -0.01341914
   -0.11051917
   -0.11347190
   -0.08383424
    0.24621949
    0.15405191
   -0.06081386
    0.00274137
   -0.10065831
    0.28977248
   -0.07636696
   -0.02261098
    0.10245624
   -0.17352566
   -0.03273755
   -0.03163732
   -0.10914396
   -0.10882810
   -0.43981835
    0.00375660
   -0.06808670
   -0.46431869
   -0.05678934
   -0.45681104
   -0.07846112
    0.10462378
    0.00405689
   -0.12988826
   -0.00400221
    0.08335227
   -0.31838414
   -0.42975823
   -0.00984153
   -0.06200119
   -0.06372215
   -0.39178264
   -0.02384223
    0.02405290
   -0.05180878
   -0.06404962
    0.05243597
   -0.07058595
   -0.26915197
    0.05890755
    0.04233885
    0.04268572
    0.03404093
    0.03376899
    0.02699215
    0.05281004
    0.04062200
    0.03722352
    0.04056877
    0.05032794
    0.05432479
    0.04048650
    0.04675972
    0.04230614
    0.03511288
    0.04020835
    0.05083266
    0.03580029
    0.02997530
    0.03984487
    0.03901082
    0.04573018
    0.06619276
    0.05851052
    0.02307050
    0.17700528
    0.06317784
    0.21016750
    0.07547884
    0.05506749
    0.04265412
    0.03328704
    0.04606672
    0.03736854
    0.04924523
    0.05252712
    0.06644108
    0.05654312
    0.05537489
    0.05317129
    0.04531415
    0.00842049
    0.04026489
    0.03980352
    0.00614508
    0.04417473
    0.04381692
    0.05358911
    0.04751381
    0.05313584
    0.04298925
    0.04749844
    0.08210645
    0.05086706
    0.05383430
    0.05465044
    0.07793594
    0.05694678
    0.08428130
    0.05272924
    0.07350965
    0.03822506
    0.05003965
    0.02900255
    0.04799686
    0.03847618
    0.04722090
    0.01676781
    0.07976487
    0.06528823
    0.04463868
    0.04977945
    0.07009497
    0.04197459
    0.02012440
    0.02347170
    0.02422725
