           1           2  0.98323831984034316     
           2           3  0.96860450765620576     
           3           4  0.99606778679402386     
           2           5  0.98228688102714679     
           5           6   1.4228585809861631     
           6           7   1.4375760393466397     
           5           8  0.10972040857361740     
           7           8   1.4236369914553741     
           8           9   1.4409076409574366     
           5          10   1.3552754902921198     
           7          10  0.11244393681159727     
           9          10   1.4095975305548616     
          10          11   1.0124935861797455     
          11          12   1.1771198879010611     
          12          13  0.99636705832419759     
          13          14   1.0049220204288900     
          11          15   1.5103425614751467     
          15          16   1.0170730655484239     
          16          17  0.96534581471717540     
          17          18  0.99839640946201880     
          17          19  0.99788230280381984     
          17          20  0.97360351849613802     
          20          21  0.93088834830070200     
          21          22   1.1517646149134708     
          22          23  0.93822189262723310     
          23          24  0.97267467787066708     
          24          25   1.0060705914356913     
          25          26   1.2513634328048833     
          26          27  0.91988005954494301     
          27          28  0.97399173287492702     
          28          29   1.2997945731723839     
          29          30  0.92961268788238716     
          30          31  0.97940960339682648     
          31          32   1.0079779837802376     
          31          33   1.0055823285832304     
          30          34  0.95015780024990737     
          34          35   1.2958698776764730     
          35          36  0.92385022349343360     
          36          37  0.98521234540697677     
          37          38  0.99415419789104775     
          38          39  0.99779691717097374     
          39          40   1.2037240713443311     
          40          41   1.0269690819963220     
          41          42   2.7506532073076384     
          42          43   1.0143871147343169     
          43          44  0.96402637297554439     
          44          45   1.0154016399997972     
          44          46   1.0162957135889081     
          43          47  0.97351298356426075     
          43          48  0.97353709299675328     
          39          49  0.19201106178525201     
          40          49   1.6455281407912303     
          39          50  0.99450313382419575     
          36          51  0.97428481829205438     
          50          51  0.99203834617783837     
          34          52  0.20089697936825021     
          35          52   1.6230522990079654     
          34          53  0.99255121570429217     
          28          54  0.20122954289945588     
          29          54   1.6289244388762063     
          27          55  0.98698389580974144     
          55          56  0.98299635033353450     
          56          57  0.97137997254206454     
          57          58   1.0118068973548060     
          58          59  0.99278489211525378     
          59          60  0.98424409251279210     
          56          61  0.97147796777071627     
          60          61  0.99153122544890693     
          25          62  0.20271531554822197     
          26          62   1.6718993366506916     
          25          63  0.97419231972446552     
          63          64  0.99656260780621742     
          23          65  0.98651719457797649     
          64          65   1.0070551440319673     
          21          66  0.18355035168120626     
          22          66   1.7620714865639771     
          15          67   1.2096283298433765     
          12          68   1.1589305286178202     
          67          68   1.2417532636711361     
          68          69   1.3303948632074902     
          69          70   1.5074599077487221     
          58          71   1.0953855541845261     
          70          71   1.2922468670092437     
          67          72   1.3263406795663253     
          69          72  0.10380123734791420     
          71          72   1.4214303361479059     
          36          73  0.89994980502653110     
           1          74  0.98013384844511564     
           1          75  0.98475221289731862     
           1          76  0.98420761543900670     
           2          77  0.95493363022313804     
           4          78  0.97699973755474323     
           4          79  0.97665873087415389     
           4          80  0.97949922295162162     
           7          81  0.96336292597243922     
           8          82  0.96946397991167499     
           9          83  0.96552713269551849     
          13          84  0.96827613583621486     
          13          85  0.96759055520833437     
          14          86  0.98633189916707897     
          14          87  0.98650702850535565     
          14          88  0.98555543572512072     
          16          89  0.96994766697212287     
          16          90  0.96831581184631066     
          18          91  0.98322884361019192     
          18          92  0.98503561632707015     
          18          93  0.98539866928483266     
          19          94  0.98471474606946940     
          19          95  0.98355863991609604     
          19          96  0.98024553478123055     
          20          97  0.96335702408975443     
          20          98  0.96594660107407848     
          23          99  0.95645457046401083     
          24         100  0.91263350634757745     
          27         101  0.94556570245336891     
          28         102  0.91073729773655521     
          30         103  0.94939584451442571     
          31         104  0.96375255184569297     
          32         105  0.98566006059639988     
          32         106  0.98389935636471482     
          32         107  0.98531683308048068     
          33         108  0.98653151228826785     
          33         109  0.98457038500808347     
          33         110  0.98371439290963847     
          37         111  0.97111216388453570     
          37         112  0.96937230684467002     
          38         113  0.95921018372920497     
          38         114  0.96584198541063415     
          45         115  0.97915519145822150     
          45         116  0.97289300127406175     
          45         117  0.98080082281464898     
          46         118  0.98085723256119584     
          46         119  0.97205697864678431     
          46         120  0.97947749224779668     
          47         121  0.98346516981385435     
          47         122  0.98228605587775630     
          47         123  0.98372912475271157     
          48         124  0.98216923681891355     
          48         125  0.98384208249807692     
          48         126  0.98370954291211332     
          50         127  0.96309254466407879     
          50         128  0.96685082817377177     
          51         129  0.97074984152164301     
          51         130  0.97323688931616670     
          53         131  0.96962710722197365     
          53         132  0.97076289724907316     
          53         133  0.97147898178183711     
          55         134  0.96962420629881274     
          55         135  0.96822164821304268     
          56         136  0.96052167079620132     
          57         137  0.96517072098759693     
          57         138  0.96574579444964270     
          59         139  0.97191710910757867     
          59         140  0.96835236992515128     
          60         141  0.97072718526272328     
          60         142  0.96559484071357971     
          63         143  0.96606407090224944     
          63         144  0.96903776534179720     
          64         145  0.97716316936687420     
          64         146  0.97401103788172572     
          65         147  0.97270203855854742     
          65         148  0.97539047062905015     
          69         149  0.96647390824258683     
          70         150  0.96817968376524621     
          72         151  0.96004179710576865     
