           1           2  0.99597555575869479     
           2           3  0.95970358284255119     
           3           4  0.99647573102100251     
           2           5  0.97564632684937336     
           5           6   1.4275376159672573     
           6           7   1.4415975861105299     
           5           8  0.11010428251027642     
           7           8   1.4167544631728419     
           8           9   1.4496049110844520     
           5          10   1.3542406573661196     
           7          10  0.10978855038717980     
           9          10   1.3965373743738672     
          10          11   1.0300999277797063     
          11          12   1.1650453567400507     
          12          13  0.99025983251505612     
          13          14   1.0047749711293035     
          11          15   1.5063827305032262     
          15          16   1.0185246176876888     
          16          17  0.96560374771430280     
          17          18  0.99753460581398379     
          17          19  0.99815937508706210     
          17          20  0.98220131403276711     
          20          21  0.92718760650054755     
          21          22   1.1629668742956101     
          22          23  0.94316068257162655     
          23          24  0.99464957928889242     
          24          25   1.0066760567694606     
          25          26   1.2509056034156458     
          26          27  0.92102108081838507     
          27          28  0.97926152954598189     
          28          29   1.2776636892766429     
          29          30  0.93074663738127306     
          30          31  0.97679242040076286     
          31          32   1.0084825989679824     
          31          33   1.0065917119893097     
          30          34  0.95799382124286703     
          34          35   1.2924906946773476     
          35          36  0.92980044471518419     
          36          37  0.90746014434195266     
          36          38  0.96708631951528756     
          38          39  0.99494022205847865     
          39          40  0.99134474374655501     
          40          41   1.2197900317422410     
          41          42   1.0228429404544046     
          42          43   2.7595915034340202     
          43          44   1.0186096865557044     
          44          45  0.97212604349224419     
          45          46   1.0146951868133758     
          45          47   1.0175860117372011     
          44          48  0.97405741984077809     
          44          49  0.96099966745384213     
          40          50  0.19650104507042337     
          41          50   1.6363494494720119     
          40          51  0.99714933796659411     
          36          52  0.97923905934366007     
          51          52  0.99492806601137151     
          34          53  0.20110202209315403     
          35          53   1.6266491249285904     
          34          54  0.99164922213122764     
          28          55  0.19873550830501108     
          29          55   1.6592360529406218     
          27          56  0.98832921022103748     
          56          57  0.99148934860792781     
          57          58  0.97967838991273104     
          58          59   1.0038771142015803     
          59          60  0.98929340070315641     
          60          61  0.99552815223645119     
          57          62  0.97066200535680225     
          61          62  0.98204791087662224     
          25          63  0.20176636634478584     
          26          63   1.6690509966715448     
          25          64  0.97430271872702023     
          64          65  0.99652283043963341     
          23          66  0.98707935996774931     
          65          66   1.0066501214760688     
          21          67  0.18000848793071023     
          22          67   1.7397323599954364     
          15          68   1.2139809903532157     
          12          69   1.1618697358707029     
          68          69   1.2458827220047117     
          69          70   1.3269210912905876     
          70          71   1.5127017736135200     
          59          72   1.0586525127923889     
          71          72   1.3035717879985986     
          68          73   1.3189653574023914     
          70          73  0.10341872022705507     
          72          73   1.4447693891017950     
           1          74  0.98319248653555502     
           1          75  0.98312591146974015     
           1          76  0.98221201717045448     
           2          77  0.95378952468747336     
           4          78  0.97625441586126738     
           4          79  0.97599186953347772     
           4          80  0.97879569011531697     
           7          81  0.96318856652810525     
           8          82  0.96937628264540465     
           9          83  0.96796949621235828     
          13          84  0.96070218600472290     
          13          85  0.96904235467253497     
          14          86  0.98730059700841388     
          14          87  0.98488843775049084     
          14          88  0.98664693708858009     
          16          89  0.96858005121061908     
          16          90  0.96759707743580214     
          18          91  0.98529525943024254     
          18          92  0.98428944241667837     
          18          93  0.98469643578231214     
          19          94  0.98477794495282256     
          19          95  0.98188340278956299     
          19          96  0.98191684258006640     
          20          97  0.96586988611620883     
          20          98  0.96252456655367435     
          23          99  0.92777850547303842     
          24         100  0.90849081516687225     
          27         101  0.94028534046220902     
          28         102  0.93009333995401555     
          30         103  0.94179858005301398     
          31         104  0.96360198626136462     
          32         105  0.98606180605137894     
          32         106  0.98573094867628452     
          32         107  0.98555806383718869     
          33         108  0.98412639844735650     
          33         109  0.98645501394931090     
          33         110  0.98532959053802294     
          38         111  0.97268500220030385     
          38         112  0.96267257328471356     
          39         113  0.96591143327813078     
          39         114  0.96325887649977993     
          46         115  0.97669461220463671     
          46         116  0.98102426951454014     
          46         117  0.97328574111288202     
          47         118  0.97195657522457557     
          47         119  0.98037937632405225     
          47         120  0.97967735973576386     
          48         121  0.98508821849716610     
          48         122  0.98069220990798323     
          48         123  0.98546972080413564     
          49         124  0.98486665680996333     
          49         125  0.98133102798443050     
          49         126  0.98568098238909552     
          51         127  0.96224545204039025     
          51         128  0.96469718940804527     
          52         129  0.97301819366698916     
          52         130  0.97035942445749546     
          54         131  0.97140867487958094     
          54         132  0.97522075793571306     
          54         133  0.97403540555315060     
          56         134  0.96814664954959606     
          56         135  0.97073879160103838     
          57         136  0.95594429117908786     
          58         137  0.95400930841450893     
          58         138  0.97150337784985319     
          60         139  0.96936213254482095     
          60         140  0.96360657707983000     
          61         141  0.96711179364145949     
          61         142  0.96588434776743659     
          64         143  0.96609030215950786     
          64         144  0.96959577788510143     
          65         145  0.97470151045627085     
          65         146  0.97744759595053143     
          66         147  0.97553216745948812     
          66         148  0.97376233049337657     
          70         149  0.96578658385672378     
          71         150  0.96726434588882904     
          73         151  0.96240440529520488     
