   -0.11568113
    0.11729463
   -0.32003349
    0.04182134
    0.08736457
   -0.21391508
    0.05640614
   -0.04288745
   -0.01584334
   -0.00267581
    0.01802962
   -0.03889352
   -0.00366974
   -0.10774192
   -0.04953905
   -0.06754416
    0.02291302
   -0.11266317
   -0.10796463
    0.06559336
   -0.25595799
    0.35272156
    0.02715463
   -0.19988440
   -0.02346318
    0.24136844
    0.02559224
   -0.16667576
    0.27163075
    0.00806988
   -0.01469752
   -0.10957109
   -0.11307198
   -0.07197124
    0.24836611
    0.15307718
   -0.06221343
    0.00241080
   -0.09366414
    0.28935474
   -0.07657411
   -0.02662324
    0.10272127
   -0.17322305
   -0.03407004
   -0.03294453
   -0.10908201
   -0.10856660
   -0.45714199
   -0.00064657
   -0.06580690
   -0.46434853
   -0.05105945
   -0.45859429
   -0.07347231
    0.11092016
    0.00848633
   -0.16917477
    0.00177539
    0.07884097
   -0.32151578
   -0.43603752
   -0.01013921
   -0.06265385
   -0.06623232
   -0.40260665
   -0.02992575
    0.02628881
   -0.04963622
   -0.05687576
    0.04955989
   -0.07398505
   -0.27190662
    0.03838416
    0.04153491
    0.06817809
    0.01048307
    0.03517178
    0.03205426
    0.05218304
    0.04053239
    0.03734114
    0.03815285
    0.04472398
    0.07843884
    0.03644255
    0.04544163
    0.04922725
    0.05309559
    0.03362702
    0.04234080
    0.04175668
    0.03709072
    0.04907775
    0.04115595
    0.03572771
    0.05911954
    0.06504095
    0.02675131
    0.19082051
    0.06348833
    0.20393458
    0.08074870
    0.04706430
    0.04427202
    0.04378986
    0.04054386
    0.03990376
    0.04223487
    0.05038095
    0.05624917
    0.04885842
    0.07877157
    0.05830730
    0.02133638
    0.03862211
    0.04055924
    0.01687572
    0.03976174
    0.03906238
    0.04096091
    0.05388654
    0.04158851
    0.04444015
    0.05382701
    0.04199561
    0.05739490
    0.05504663
    0.05820611
    0.07044574
    0.08724525
    0.05737992
    0.06451944
    0.08269658
    0.04743093
    0.02369391
    0.03437203
    0.02767097
    0.03901320
    0.04406739
    0.02496635
    0.05346111
    0.07919890
    0.06461597
    0.04234328
    0.04979063
    0.06255118
    0.05643798
    0.04642001
    0.02769715
    0.03328054
