           1           2  0.99439274011784462     
           2           3  0.96357040749720668     
           3           4  0.99408462008174336     
           2           5  0.97572382962602033     
           5           6   1.4239504846680191     
           6           7   1.4449705445502239     
           5           8  0.10986228441209503     
           7           8   1.4140691507376508     
           8           9   1.4525768708744002     
           5          10   1.3583593285432731     
           7          10  0.10943130324575710     
           9          10   1.3922867592867612     
          10          11   1.0296856476898657     
          11          12   1.1698452340102961     
          12          13  0.99015307131244235     
          13          14   1.0061565518944662     
          11          15   1.4998802304844587     
          15          16   1.0187614140533960     
          16          17  0.96613813535663273     
          17          18  0.99700932235640827     
          17          19  0.99863134624807681     
          17          20  0.97323218458340111     
          20          21  0.92813753484284234     
          21          22   1.1577873352867969     
          22          23  0.94030256444435123     
          23          24  0.98847663151906817     
          24          25   1.0053119621036792     
          25          26   1.2553107934471597     
          26          27  0.92012196587173989     
          27          28  0.97409170771469067     
          28          29   1.2942518293343535     
          29          30  0.93837608622138236     
          30          31  0.96008747391848759     
          31          32   1.0076997665831824     
          31          33   1.0076925831466128     
          30          34  0.96926895713567351     
          34          35   1.2941090615502913     
          35          36  0.92640422385989352     
          36          37  0.97243084814769509     
          37          38  0.99329329174273229     
          38          39  0.99020753948323170     
          39          40   1.2282785644457506     
          40          41   1.0282636531194080     
          41          42   2.7519274137175538     
          42          43   1.0136576960784620     
          43          44  0.96523182318204181     
          44          45   1.0128481151722046     
          44          46   1.0139538181304084     
          43          47  0.97507503325013101     
          43          48  0.97315816482848116     
          39          49  0.19330668269715195     
          40          49   1.6162990704853293     
          39          50  0.99654301196981121     
          36          51  0.98170673382943896     
          50          51  0.99504909426235721     
          34          52  0.20126478203010129     
          35          52   1.6251840794669865     
          34          53  0.99328962519855268     
          28          54  0.19822779286792538     
          29          54   1.6294251958227508     
          27          55  0.99114250365357071     
          55          56  0.98607140469550458     
          56          57  0.98451621298962122     
          57          58   1.0013006464441443     
          58          59  0.98200979766796004     
          59          60  0.99602216240982699     
          56          61  0.97445204827453180     
          60          61  0.98309847919399340     
          25          62  0.20427578256459217     
          26          62   1.6660022839712845     
          25          63  0.97342492492673449     
          63          64  0.99627200636888003     
          23          65  0.99085814646339743     
          64          65   1.0082484677714980     
          21          66  0.18021654976797466     
          22          66   1.7508624661022543     
          15          67   1.2137861147065507     
          12          68   1.1636647436516823     
          67          68   1.2460003912422652     
          68          69   1.3240736058542415     
          69          70   1.5113193938055403     
          58          71   1.0491822270092170     
          70          71   1.3071033621103059     
          67          72   1.3172023204319565     
          69          72  0.10555952850402597     
          71          72   1.4457973169001102     
          36          73  0.90318022498209671     
           1          74  0.98129715758309488     
           1          75  0.98389266052586155     
           1          76  0.98195347967839319     
           2          77  0.95329292568290436     
           4          78  0.97639972604246594     
           4          79  0.97419254036216751     
           4          80  0.97836750855660526     
           7          81  0.96322371505542126     
           8          82  0.96940996911940580     
           9          83  0.96487199937159884     
          13          84  0.97061524658278597     
          13          85  0.95734040725102643     
          14          86  0.98387030922330898     
          14          87  0.98488346781640690     
          14          88  0.98547667314996690     
          16          89  0.96681753713567098     
          16          90  0.96579014515981920     
          18          91  0.98463150972685987     
          18          92  0.98347144860868430     
          18          93  0.98407256142792487     
          19          94  0.98328272390151183     
          19          95  0.98497083276287145     
          19          96  0.98531658385006604     
          20          97  0.96519978476530666     
          20          98  0.96211697133718643     
          23          99  0.93470177671800425     
          24         100  0.90362139034055367     
          27         101  0.94445519146386758     
          28         102  0.92440551938280202     
          30         103  0.94688072884242780     
          31         104  0.96481310998876268     
          32         105  0.98470199220468890     
          32         106  0.98572422087442013     
          32         107  0.98411327577805441     
          33         108  0.98444284551870265     
          33         109  0.98553402639014198     
          33         110  0.98408624859178029     
          37         111  0.96805667141761920     
          37         112  0.96192354230900412     
          38         113  0.95912004543484319     
          38         114  0.96144983774549797     
          45         115  0.97490382064858561     
          45         116  0.98113856502428565     
          45         117  0.97998062913291661     
          46         118  0.97487015632156149     
          46         119  0.97985516105207027     
          46         120  0.98104343078247003     
          47         121  0.98437136618701737     
          47         122  0.98272002744401799     
          47         123  0.98382471941217498     
          48         124  0.98361012359785560     
          48         125  0.98223800442251363     
          48         126  0.98428268666459318     
          50         127  0.96375265477441419     
          50         128  0.96485971245903135     
          51         129  0.97247103148892555     
          51         130  0.96974305643659930     
          53         131  0.96747336494783742     
          53         132  0.97131061175137989     
          53         133  0.97052421253112930     
          55         134  0.96684553185717881     
          55         135  0.97451510485972936     
          56         136  0.95717265959879849     
          57         137  0.97011012263083440     
          57         138  0.95359036374663864     
          59         139  0.97015318973706210     
          59         140  0.95675403531881165     
          60         141  0.96604293784490480     
          60         142  0.96971975094176210     
          63         143  0.96605200187785856     
          63         144  0.96949506917702577     
          64         145  0.97724230142841184     
          64         146  0.97428215500165671     
          65         147  0.97434745713689497     
          65         148  0.97338523537730226     
          69         149  0.96424438406862278     
          70         150  0.96751307963197197     
          72         151  0.95810775725578468     
