   -0.11262882
    0.11560813
   -0.31127373
    0.03883385
    0.07920105
   -0.21823990
    0.05630525
   -0.04404779
   -0.01653719
   -0.00505924
    0.01984060
   -0.02424007
   -0.00092933
   -0.10858405
   -0.04971208
   -0.06684434
    0.02266862
   -0.10722724
   -0.11237261
    0.06500817
   -0.25864101
    0.35268830
    0.02672304
   -0.19433033
   -0.02396719
    0.24205562
    0.02586643
   -0.16428946
    0.27227339
    0.00957779
   -0.01490846
   -0.11122536
   -0.11283378
   -0.07163578
    0.24827509
    0.15262637
   -0.06856323
    0.00584032
   -0.08722821
    0.29136745
   -0.07397289
   -0.01419819
    0.10128629
   -0.17330713
   -0.03143391
   -0.03108117
   -0.10848897
   -0.10452319
   -0.46144657
   -0.00305559
   -0.06462261
   -0.46577490
   -0.05828622
   -0.46218308
   -0.07256779
    0.11074745
    0.00928181
   -0.16388219
   -0.00098798
    0.07859704
   -0.31856370
   -0.43638520
   -0.01020474
   -0.06285196
   -0.06648873
   -0.40236935
   -0.02847867
    0.03441159
   -0.04601883
   -0.05860741
    0.04860605
   -0.07426579
   -0.26899317
    0.05431156
    0.07335264
    0.03750614
    0.01404939
    0.05059425
    0.01524709
    0.05186187
    0.03856396
    0.03483499
    0.03336349
    0.04413429
    0.07429041
    0.04749740
    0.03780243
    0.04218407
    0.04611114
    0.03622001
    0.04036230
    0.03693086
    0.04914079
    0.04390388
    0.04158213
    0.03585121
    0.05915698
    0.06491402
    0.02725653
    0.18621955
    0.06353478
    0.20383452
    0.07829719
    0.04811803
    0.04372719
    0.04379739
    0.04290334
    0.05032848
    0.04106766
    0.04154597
    0.05771700
    0.05614058
    0.07696081
    0.05548855
    0.04148138
    0.01220729
    0.03878504
    0.04253699
    0.03763228
    0.01353246
    0.05022544
    0.04203403
    0.04501800
    0.03867345
    0.03917577
    0.03820418
    0.06029918
    0.05982395
    0.06218891
    0.06603598
    0.06179082
    0.07717004
    0.07914816
    0.08158561
    0.04603544
    0.02375268
    0.03523145
    0.02786414
    0.03434886
    0.05244123
    0.02376271
    0.05297148
    0.07910444
    0.06543951
    0.04288431
    0.04991919
    0.06311520
    0.05694519
    0.02867533
    0.02158316
    0.02834135
