           1           2  0.99453616830305058     
           2           3  0.96859070549702420     
           3           4  0.99448933573259390     
           2           5  0.97440529135961240     
           5           6   1.4236574728475442     
           6           7   1.4437715376411244     
           5           8  0.10936884135858262     
           7           8   1.4154361520139531     
           8           9   1.4501323420578269     
           5          10   1.3532069962380902     
           7          10  0.11008091694543945     
           9          10   1.3951441279785015     
          10          11   1.0283930640033443     
          11          12   1.1738611509285424     
          12          13  0.99288303873980788     
          13          14   1.0064554295991766     
          11          15   1.4959375852444754     
          15          16   1.0186094553039953     
          16          17  0.96676289839181828     
          17          18  0.99885674009416747     
          17          19  0.99728952881376853     
          17          20  0.97193402623415781     
          20          21  0.92744287057009411     
          21          22   1.1568024716997802     
          22          23  0.94132555991006250     
          23          24  0.98857436856607095     
          24          25   1.0051395362475588     
          25          26   1.2528330351645856     
          26          27  0.92061223743870479     
          27          28  0.97490706073343703     
          28          29   1.2942929336327902     
          29          30  0.93510795984889494     
          30          31  0.96626936866991819     
          31          32   1.0070380471201457     
          31          33   1.0069425259769842     
          30          34  0.96495900444722871     
          34          35   1.2952411586200829     
          35          36  0.92587739835890348     
          36          37  0.97354583523331073     
          37          38  0.99301295652909083     
          38          39  0.99000055998481939     
          39          40   1.2390856579766678     
          40          41   1.0262889922542531     
          41          42   2.7579260338104703     
          42          43   1.0177747095793050     
          43          44  0.97110733420380457     
          44          45   1.0168792775389879     
          44          46   1.0153323726067083     
          43          47  0.97344151133388901     
          43          48  0.96305158289298931     
          39          49  0.19354389439988162     
          40          49   1.6066790210092561     
          39          50  0.99451820242003330     
          36          51  0.98292647809204159     
          50          51  0.99597500785417936     
          34          52  0.20179820522931524     
          35          52   1.6238092600461860     
          34          53  0.99423972798477800     
          28          54  0.19838032989174631     
          29          54   1.6352066550174444     
          27          55  0.99195865714429565     
          55          56  0.98632324083363354     
          56          57  0.98293150665409357     
          57          58   1.0020801049786887     
          58          59  0.98390818427435800     
          59          60  0.99496381761068653     
          56          61  0.97559275791239386     
          60          61  0.98419964052529851     
          25          62  0.20295521879942996     
          26          62   1.6674628266813605     
          25          63  0.97317332904417819     
          63          64  0.99638817649883948     
          23          65  0.99055782341718746     
          64          65   1.0084201491270124     
          21          66  0.17928590086000798     
          22          66   1.7506086362142250     
          15          67   1.2166648970358780     
          12          68   1.1708380118255146     
          67          68   1.2436211450546653     
          68          69   1.3238046590642287     
          69          70   1.5124269287477747     
          58          71   1.0571374445129413     
          70          71   1.3055328095319121     
          67          72   1.3146079161594555     
          69          72  0.10384397546024045     
          71          72   1.4393865341030259     
          36          73  0.90308816475488174     
           1          74  0.98372072783767694     
           1          75  0.98133576037415593     
           1          76  0.98101339155576683     
           2          77  0.94822061582179007     
           4          78  0.96723331308647609     
           4          79  0.97687524025953731     
           4          80  0.98005058317819593     
           7          81  0.96336022206524363     
           8          82  0.96957061631512587     
           9          83  0.96557906152981443     
          13          84  0.96887931318925680     
          13          85  0.96034593292036952     
          14          86  0.98496074238166664     
          14          87  0.98468570130388033     
          14          88  0.98544310472056729     
          16          89  0.96861789102010354     
          16          90  0.96380262256434490     
          18          91  0.98503850694408446     
          18          92  0.98522686250907465     
          18          93  0.98301028486994491     
          19          94  0.98423428616924669     
          19          95  0.98384580536205291     
          19          96  0.98341192804168953     
          20          97  0.96542714743653824     
          20          98  0.96169070275765389     
          23          99  0.93421918917373525     
          24         100  0.91204912995864684     
          27         101  0.94380495127218156     
          28         102  0.92460764410114804     
          30         103  0.94843394820029081     
          31         104  0.96429759366594303     
          32         105  0.98513114898816556     
          32         106  0.98557830655779644     
          32         107  0.98304444245491007     
          33         108  0.98421938594695246     
          33         109  0.98431240207607928     
          33         110  0.98544965309367971     
          37         111  0.96532764683829475     
          37         112  0.96763882229708575     
          38         113  0.95637534261203938     
          38         114  0.96571089588848713     
          45         115  0.97972547786290631     
          45         116  0.97220179303916199     
          45         117  0.98031406445853631     
          46         118  0.97713121750949650     
          46         119  0.98105390997452313     
          46         120  0.97304802473087793     
          47         121  0.98530965771608769     
          47         122  0.98466931094138188     
          47         123  0.98057601191620691     
          48         124  0.98533116247853925     
          48         125  0.98496620235121368     
          48         126  0.98157691463607932     
          50         127  0.96344718955861341     
          50         128  0.96398895715969080     
          51         129  0.97184903392910393     
          51         130  0.96946407089212383     
          53         131  0.97066750131046420     
          53         132  0.97135589494634644     
          53         133  0.96621971843472598     
          55         134  0.96695651005701544     
          55         135  0.97450619690318052     
          56         136  0.95688027403326259     
          57         137  0.96945051723022635     
          57         138  0.95656507344846720     
          59         139  0.97090008385795179     
          59         140  0.95269927819305200     
          60         141  0.96599191875267632     
          60         142  0.96999020850065620     
          63         143  0.96610578459719587     
          63         144  0.96960923677525712     
          64         145  0.97716999093050017     
          64         146  0.97428889140315800     
          65         147  0.97424277373026480     
          65         148  0.97326314568159877     
          69         149  0.96609938820642927     
          70         150  0.96785028920108462     
          72         151  0.95966732912482555     
