   -0.11509709
    0.10973264
   -0.31667828
    0.04501294
    0.08538661
   -0.23752881
    0.05751196
   -0.04357144
   -0.01449963
    0.00673115
    0.02505079
   -0.03102183
   -0.00376706
   -0.10887854
   -0.03933454
   -0.06994505
    0.02267355
   -0.10688844
   -0.11212378
    0.06482462
   -0.25780745
    0.35280201
    0.02681033
   -0.19568453
   -0.02296907
    0.24223223
    0.02631628
   -0.16501277
    0.27146499
    0.00848344
   -0.01466242
   -0.11023573
   -0.11252511
   -0.07200572
    0.24766208
    0.15256345
   -0.06809279
    0.00500863
   -0.09311122
    0.28927365
   -0.07690971
   -0.02653916
    0.10220236
   -0.17177734
   -0.03179789
   -0.03352968
   -0.10880427
   -0.10914335
   -0.45875877
    0.00206951
   -0.06451591
   -0.46571637
   -0.05685914
   -0.46108274
   -0.07255949
    0.11061700
    0.01047458
   -0.16849042
    0.00136859
    0.07873394
   -0.32035592
   -0.43695139
   -0.01027472
   -0.06267493
   -0.06630569
   -0.40312869
   -0.02914554
    0.03163402
   -0.04597240
   -0.05927491
    0.04694870
   -0.07307468
   -0.27124281
    0.04153624
    0.06400865
    0.04233813
    0.03916226
    0.02974530
    0.05348191
    0.02662420
    0.03913714
    0.03699547
    0.03668370
    0.04203165
    0.08126016
    0.03658449
    0.04186867
    0.04748376
    0.04470825
    0.05331564
    0.04662189
    0.03999089
    0.03760103
    0.04221666
    0.04182436
    0.03492398
    0.05806605
    0.06506665
    0.02594439
    0.18800143
    0.06290835
    0.20520048
    0.07940148
    0.04814954
    0.04331156
    0.04373219
    0.04123567
    0.04963980
    0.04083543
    0.04193188
    0.05792218
    0.05827111
    0.08853256
    0.04861741
    0.00831692
    0.04185450
    0.03990063
    0.01578137
    0.03878243
    0.04400706
    0.04438438
    0.04593406
    0.05134973
    0.03933482
    0.04422546
    0.05384833
    0.05365698
    0.05316256
    0.05938187
    0.06766519
    0.08394735
    0.05866164
    0.07214044
    0.08169031
    0.04592310
    0.02411322
    0.03511620
    0.02446247
    0.03620509
    0.04565309
    0.02395956
    0.05330366
    0.07901663
    0.06511993
    0.04207901
    0.04943538
    0.06333819
    0.05589946
    0.03262035
    0.02307005
    0.02848321
