           1           2  0.98142859636357449     
           2           3  0.96607234395328090     
           3           4  0.99988458209830544     
           2           5  0.98234936270747697     
           5           6   1.4145510742523923     
           6           7   1.4423477668442204     
           5           8  0.10827786690586054     
           7           8   1.4178729767851252     
           8           9   1.4486036273925240     
           5          10   1.3627182029306506     
           7          10  0.11156756781668445     
           9          10   1.3976118275751208     
          10          11   1.0169715332167806     
          11          12   1.1687247762607273     
          12          13  0.99239332719979756     
          13          14   1.0058717991016126     
          11          15   1.5135750304850901     
          15          16   1.0179271791142321     
          16          17  0.96828576249153464     
          17          18  0.99883309896294348     
          17          19  0.99697174697980995     
          17          20  0.97105051935856879     
          20          21  0.92632219698197427     
          21          22   1.1595292121841965     
          22          23  0.94019185573062702     
          23          24  0.98817767863196682     
          24          25   1.0052957983639990     
          25          26   1.2544499130282398     
          26          27  0.92087673041815754     
          27          28  0.97485451886573660     
          28          29   1.2966172076581832     
          29          30  0.93542172498322229     
          30          31  0.96485970291704859     
          31          32   1.0074320898908025     
          31          33   1.0071340181949888     
          30          34  0.96572929582472289     
          34          35   1.2952827164492557     
          35          36  0.92678575447323741     
          36          37  0.97279512357286912     
          37          38  0.99398979915531283     
          38          39  0.98934663375105325     
          39          40   1.2304641469456989     
          40          41   1.0251691227736446     
          41          42   2.7546539884217216     
          42          43   1.0129595231157016     
          43          44  0.96188235971678526     
          44          45   1.0161602285362967     
          44          46   1.0135768345379756     
          43          47  0.97690487021069872     
          43          48  0.97488559346615589     
          39          49  0.19416632869323933     
          40          49   1.6165214625217788     
          39          50  0.99575388043683855     
          36          51  0.98263168374182064     
          50          51  0.99661245177602009     
          34          52  0.20190390704697134     
          35          52   1.6222985880617280     
          34          53  0.99445146753836422     
          28          54  0.19884629760194936     
          29          54   1.6321750492397169     
          27          55  0.99153684499049410     
          55          56  0.98653222523863082     
          56          57  0.98316509572156918     
          57          58   1.0028353594523118     
          58          59  0.98431250042508300     
          59          60  0.99525578514369484     
          56          61  0.97484607460876604     
          60          61  0.98341878226271873     
          25          62  0.20334132461434332     
          26          62   1.6661350512995516     
          25          63  0.97342308556762513     
          63          64  0.99623436576666247     
          23          65  0.99097851888380362     
          64          65   1.0083828165961839     
          21          66  0.18013095536447535     
          22          66   1.7497001366762939     
          15          67   1.2125647049222998     
          12          68   1.1688978647753010     
          67          68   1.2434863781688694     
          68          69   1.3262814291280269     
          69          70   1.5095393385089992     
          58          71   1.0483529863079855     
          70          71   1.3091915199782982     
          67          72   1.3170582068227288     
          69          72  0.10417058909300120     
          71          72   1.4412272082931499     
          36          73  0.90205373911006814     
           1          74  0.98279043098038732     
           1          75  0.97849264728239560     
           1          76  0.98514693148618060     
           2          77  0.95707069082717222     
           4          78  0.97528070237857378     
           4          79  0.97714658281878441     
           4          80  0.97579967221050290     
           7          81  0.96335838615309310     
           8          82  0.96934197952861867     
           9          83  0.96528951193539148     
          13          84  0.96951242958829775     
          13          85  0.95898065583601455     
          14          86  0.98549196824050789     
          14          87  0.98546828177484347     
          14          88  0.98545631662794209     
          16          89  0.96780626793010560     
          16          90  0.96537000553424801     
          18          91  0.98340468493618693     
          18          92  0.98504998256005816     
          18          93  0.98534549233134949     
          19          94  0.98443283332241438     
          19          95  0.98388212013512910     
          19          96  0.98261182991255391     
          20          97  0.96566209570931005     
          20          98  0.96163490466432511     
          23          99  0.93528039413390784     
          24         100  0.90958255864375470     
          27         101  0.94396844203823294     
          28         102  0.92349215987255540     
          30         103  0.94817977474679327     
          31         104  0.96468841730730914     
          32         105  0.98507675367920999     
          32         106  0.98564645041888266     
          32         107  0.98352433208282197     
          33         108  0.98439594881063797     
          33         109  0.98427115492873862     
          33         110  0.98563702449806923     
          37         111  0.96438975232537660     
          37         112  0.96503298734539977     
          38         113  0.95826781207627620     
          38         114  0.96355061902774186     
          45         115  0.97351667675699471     
          45         116  0.97921812212713022     
          45         117  0.98068172523342334     
          46         118  0.97515251606228293     
          46         119  0.98107447052339225     
          46         120  0.97975350148560469     
          47         121  0.98391625563770879     
          47         122  0.98359043648416877     
          47         123  0.98280841655909912     
          48         124  0.98340746621012709     
          48         125  0.98406605638294531     
          48         126  0.98264598967403094     
          50         127  0.96270488359150930     
          50         128  0.96387605130608067     
          51         129  0.97231938786306193     
          51         130  0.96990308383935031     
          53         131  0.96553864034402503     
          53         132  0.97064324652670697     
          53         133  0.97093850535238335     
          55         134  0.96691689985881080     
          55         135  0.97447240989879613     
          56         136  0.95694905487696758     
          57         137  0.96986015767650846     
          57         138  0.95590891439082282     
          59         139  0.97075044224027551     
          59         140  0.95385582336839092     
          60         141  0.96616562672926010     
          60         142  0.96993077869879119     
          63         143  0.96608818546675135     
          63         144  0.96960568204040998     
          64         145  0.97725034187493232     
          64         146  0.97434364571776766     
          65         147  0.97418685206152622     
          65         148  0.97346760151905953     
          69         149  0.96614417979158107     
          70         150  0.96796459917717526     
          72         151  0.95950797019545386     
