   -0.11482612
    0.11631919
   -0.31547046
    0.04412401
    0.08779265
   -0.21433160
    0.05623728
   -0.04291693
   -0.01720401
   -0.00072845
    0.01626182
   -0.04248303
   -0.00666439
   -0.10739930
   -0.03864018
   -0.07158213
    0.02338047
   -0.11412600
   -0.10376753
    0.06472679
   -0.25407544
    0.35447144
    0.02690567
   -0.19940876
   -0.01513581
    0.23585300
    0.02762637
   -0.16747628
    0.27077341
    0.00672158
   -0.01495676
   -0.10921120
   -0.11505301
   -0.06838635
    0.24794056
    0.15303215
   -0.06557503
    0.00631514
   -0.09295356
    0.28938146
   -0.07707862
   -0.02545811
    0.10229816
   -0.17106533
   -0.03410475
   -0.03254359
   -0.10900768
   -0.10946004
   -0.45741465
    0.00036241
   -0.06560741
   -0.46515345
   -0.05370529
   -0.46199087
   -0.07526622
    0.11102986
    0.00790182
   -0.16006640
    0.00029500
    0.07880550
   -0.32469314
   -0.44444586
   -0.01081161
   -0.06116353
   -0.06389482
   -0.39575653
   -0.02672705
    0.02609516
   -0.05080291
   -0.06072524
    0.04837365
   -0.07048118
   -0.26846239
    0.06878610
    0.03577032
    0.03982560
    0.01656979
    0.03150287
    0.02768622
    0.05417533
    0.04021278
    0.03663111
    0.03373685
    0.04072268
    0.08593605
    0.03414867
    0.04351844
    0.04693275
    0.05483231
    0.04480504
    0.03665063
    0.03680449
    0.04609156
    0.03264439
    0.03699091
    0.05509314
    0.06499855
    0.05057624
    0.02210007
    0.18948930
    0.05839425
    0.20761640
    0.08621843
    0.04665460
    0.04504756
    0.04051999
    0.04440798
    0.04002209
    0.04186306
    0.05164143
    0.05765741
    0.05327081
    0.07677691
    0.04958240
    0.04394899
    0.01802494
    0.03880668
    0.04003649
    0.01066248
    0.04130493
    0.04688029
    0.05212608
    0.04395407
    0.04412291
    0.05384618
    0.03848585
    0.05625691
    0.05547951
    0.05886145
    0.07008244
    0.08664586
    0.05808323
    0.07083536
    0.08450131
    0.05201162
    0.02495797
    0.03799553
    0.02513155
    0.04113065
    0.04394348
    0.02455146
    0.05473834
    0.08145577
    0.06566158
    0.04296722
    0.04994189
    0.06993801
    0.04106504
    0.04264630
    0.02204711
    0.02519948
