           1           2  0.99382982085957572     
           2           3  0.96213847472254155     
           3           4  0.99677556432961711     
           2           5  0.97656372575232120     
           5           6   1.4251400481344036     
           6           7   1.4434029984527257     
           5           8  0.10958685619810160     
           7           8   1.4159165253889943     
           8           9   1.4493464752723311     
           5          10   1.3587898504267637     
           7          10  0.11040795455372115     
           9          10   1.3942885853836469     
          10          11   1.0267918845397326     
          11          12   1.1609572506758501     
          12          13  0.99225227265285876     
          13          14   1.0050884620834604     
          11          15   1.5098823295301480     
          15          16   1.0190055012761745     
          16          17  0.96619211842555131     
          17          18  0.99641743777725489     
          17          19   1.0006257883079273     
          17          20  0.97309624990786603     
          20          21  0.92821823968377948     
          21          22   1.1602099469001677     
          22          23  0.93676810928065368     
          23          24  0.98048336766318656     
          24          25   1.0068206078804767     
          25          26   1.2706683005346304     
          26          27  0.91761720354224496     
          27          28  0.97611687374542055     
          28          29   1.3016173664689972     
          29          30  0.94267170022599656     
          30          31  0.95758305739666461     
          31          32   1.0073706958216526     
          31          33   1.0083813351737532     
          30          34  0.97147595425199418     
          34          35   1.2983964420612377     
          35          36  0.92649215005698937     
          36          37  0.97117296387368235     
          37          38  0.99386495286641929     
          38          39  0.99120142586255711     
          39          40   1.2280886047158635     
          40          41   1.0269223567485217     
          41          42   2.7520844238172923     
          42          43   1.0129127068698276     
          43          44  0.96185718856816016     
          44          45   1.0131506249872753     
          44          46   1.0154844406570425     
          43          47  0.97590949773084246     
          43          48  0.97603099441225516     
          39          49  0.19355637160992056     
          40          49   1.6162978276146727     
          39          50  0.99548107723669355     
          36          51  0.98230625038582542     
          50          51  0.99626503599771843     
          34          52  0.20204781083250134     
          35          52   1.6210139238547125     
          34          53  0.99255718758160549     
          28          54  0.19403858968446647     
          29          54   1.6095176531703086     
          27          55  0.99040794690436951     
          55          56  0.98911033661011372     
          56          57  0.98393223299120336     
          57          58   1.0009853853657218     
          58          59  0.98583693259945859     
          59          60  0.99628641701496623     
          56          61  0.97248833694370362     
          60          61  0.98176774097366715     
          25          62  0.20734565581375014     
          26          62   1.6450161173173219     
          25          63  0.97352241278449891     
          63          64  0.99744988202317131     
          23          65  0.97982978961809630     
          64          65   1.0072459180009588     
          21          66  0.18444699676329165     
          22          66   1.7567649576581701     
          15          67   1.2112324303408233     
          12          68   1.1618122358080321     
          67          68   1.2463068271352615     
          68          69   1.3266286132145311     
          69          70   1.5086141104393760     
          58          71   1.0652754048275710     
          70          71   1.3020342571102648     
          67          72   1.3226640047096354     
          69          72  0.10489221012351843     
          71          72   1.4355466585627852     
          36          73  0.90628428013612339     
           1          74  0.98256352971006500     
           1          75  0.98407895717547467     
           1          76  0.98348732488220669     
           2          77  0.95481781466410864     
           4          78  0.97652367883547719     
           4          79  0.97593061806034154     
           4          80  0.97901095879506250     
           7          81  0.96335527435392565     
           8          82  0.96953845176980269     
           9          83  0.96761420621599448     
          13          84  0.96838987819661715     
          13          85  0.95913065262418584     
          14          86  0.98591745623526172     
          14          87  0.98519302360944283     
          14          88  0.98668342343493654     
          16          89  0.96070518950092065     
          16          90  0.96809849445433627     
          18          91  0.98539974828831056     
          18          92  0.98478751047044710     
          18          93  0.97991374826519995     
          19          94  0.97891067422935696     
          19          95  0.98476936464117637     
          19          96  0.97987542662634453     
          20          97  0.96319559663560417     
          20          98  0.96619211643477265     
          23          99  0.95854541850313535     
          24         100  0.89256968788680158     
          27         101  0.94838225839140722     
          28         102  0.92043626621945429     
          30         103  0.94323359463036682     
          31         104  0.96487295955831576     
          32         105  0.98567566884440494     
          32         106  0.98427440633738739     
          32         107  0.98459449473951410     
          33         108  0.98454539387529749     
          33         109  0.98526334786508729     
          33         110  0.98351449254508649     
          37         111  0.96754890035699304     
          37         112  0.96203790685817792     
          38         113  0.96289689802356482     
          38         114  0.96575197333316698     
          45         115  0.97973197583391669     
          45         116  0.97521559935758129     
          45         117  0.98100315577341113     
          46         118  0.98075549506146709     
          46         119  0.97448063039785737     
          46         120  0.97939879929769103     
          47         121  0.98346594379770980     
          47         122  0.98255713362105401     
          47         123  0.98398419885009725     
          48         124  0.98409719463051726     
          48         125  0.98285317039387721     
          48         126  0.98356967484905922     
          50         127  0.96283840937090648     
          50         128  0.96411969392052810     
          51         129  0.97231503425435317     
          51         130  0.97031272276355507     
          53         131  0.96973627808640117     
          53         132  0.97114250859515783     
          53         133  0.97105715477579035     
          55         134  0.96572111890373258     
          55         135  0.97337681160824907     
          56         136  0.95619898457523778     
          57         137  0.96875722948297383     
          57         138  0.95702104123993947     
          59         139  0.96717635464594198     
          59         140  0.95474441484601313     
          60         141  0.96596227981839100     
          60         142  0.96970582692754004     
          63         143  0.96502470222103387     
          63         144  0.96778567318144226     
          64         145  0.97717091724382876     
          64         146  0.97335173080532034     
          65         147  0.97224406552172837     
          65         148  0.97599801543083076     
          69         149  0.96380726025749031     
          70         150  0.96540405650328975     
          72         151  0.95921513972584793     
