   -0.11765130
    0.10976514
   -0.31739053
    0.04409180
    0.08600254
   -0.23713384
    0.05731144
   -0.04355610
   -0.01463202
    0.00708173
    0.02600081
   -0.02711218
   -0.00211789
   -0.10925568
   -0.03955819
   -0.07213013
    0.02274239
   -0.11217134
   -0.10672980
    0.06483969
   -0.25730828
    0.35295783
    0.02677311
   -0.19600628
   -0.02352573
    0.24173418
    0.02592305
   -0.16402864
    0.27226209
    0.01035779
   -0.01475559
   -0.11110619
   -0.11241051
   -0.07317108
    0.24837815
    0.15233507
   -0.06956748
    0.00265425
   -0.09412854
    0.29037461
   -0.07677537
   -0.02604387
    0.10254722
   -0.17225000
   -0.03305056
   -0.03123231
   -0.10784100
   -0.10767361
   -0.45571807
    0.00199826
   -0.06413040
   -0.46476666
   -0.05703364
   -0.46163690
   -0.07260572
    0.11072279
    0.01007278
   -0.16686218
    0.00030438
    0.07882256
   -0.31878781
   -0.43756278
   -0.01004133
   -0.06262769
   -0.06624321
   -0.40319053
   -0.02872506
    0.03345859
   -0.04658639
   -0.05913590
    0.04698360
   -0.07336735
   -0.27182437
    0.07309340
    0.03932988
    0.04026710
    0.03824741
    0.05277888
    0.02734376
    0.03001757
    0.03887045
    0.03660812
    0.03544681
    0.04387014
    0.07647921
    0.03717984
    0.04146050
    0.04713146
    0.04474155
    0.05675305
    0.04259659
    0.04163661
    0.03465114
    0.04554149
    0.04049159
    0.03799909
    0.05796597
    0.06465964
    0.02597299
    0.18800085
    0.06377528
    0.20409017
    0.07712036
    0.04835954
    0.04376039
    0.04244095
    0.04337534
    0.04179911
    0.04996208
    0.04079543
    0.05925054
    0.05709142
    0.09205734
    0.04791613
    0.04375652
    0.01503408
    0.03873785
    0.04221363
    0.03979126
    0.00734262
    0.04438231
    0.04501786
    0.05108862
    0.04232428
    0.05392883
    0.03938197
    0.05249611
    0.05470492
    0.05965793
    0.06598433
    0.07847661
    0.06132493
    0.07491671
    0.08190824
    0.04620431
    0.02342747
    0.03508371
    0.02661783
    0.03418260
    0.04939578
    0.02341628
    0.05206594
    0.07880071
    0.06494685
    0.04223874
    0.04935806
    0.06339633
    0.05568073
    0.02875485
    0.01976982
    0.02792538
