           1           2  0.98233170343957832     
           2           3  0.96381455035058772     
           3           4  0.99976742687896181     
           2           5  0.98234376078301866     
           5           6   1.4147105200515271     
           6           7   1.4424819489965541     
           5           8  0.10809090672746599     
           7           8   1.4173098663270092     
           8           9   1.4491294319836507     
           5          10   1.3624434693665395     
           7          10  0.11151983124037801     
           9          10   1.3960846073178035     
          10          11   1.0184876989935367     
          11          12   1.1690493898941854     
          12          13  0.99299254643175761     
          13          14   1.0061091866764720     
          11          15   1.5119009178370595     
          15          16   1.0180517815898529     
          16          17  0.96837270452967683     
          17          18  0.99726418601605515     
          17          19  0.99885465680306185     
          17          20  0.97027272371836115     
          20          21  0.92671248096889347     
          21          22   1.1600105732486243     
          22          23  0.94002375934511606     
          23          24  0.98776068185895916     
          24          25   1.0053363483029207     
          25          26   1.2546062465389174     
          26          27  0.92023646019561245     
          27          28  0.97469837813056803     
          28          29   1.2959633849692376     
          29          30  0.93483035418535998     
          30          31  0.96689662532271614     
          31          32   1.0071320322079251     
          31          33   1.0067589019069589     
          30          34  0.96425232809111305     
          34          35   1.2926820772807139     
          35          36  0.92629277695215417     
          36          37  0.97432472391937130     
          37          38  0.99234664702275732     
          38          39  0.98908323400254616     
          39          40   1.2263622530854432     
          40          41   1.0249734145811931     
          41          42   2.7548563732737845     
          42          43   1.0129056157051144     
          43          44  0.96300070758389289     
          44          45   1.0137140170287853     
          44          46   1.0162335146510939     
          43          47  0.97688179639818240     
          43          48  0.97382206756467904     
          39          49  0.19168803778787855     
          40          49   1.6199662238629666     
          39          50  0.99610034906288525     
          36          51  0.98300086982575718     
          50          51  0.99618245975851216     
          34          52  0.20131562827261848     
          35          52   1.6259033448938545     
          34          53  0.99477411901684076     
          28          54  0.19853984570666233     
          29          54   1.6331386916667672     
          27          55  0.99188741337907393     
          55          56  0.98633793505838940     
          56          57  0.98305025381377242     
          57          58   1.0024958984928738     
          58          59  0.98458258465903314     
          59          60  0.99484327214102841     
          56          61  0.97524273183717081     
          60          61  0.98437100145277878     
          25          62  0.20309034571339354     
          26          62   1.6655290849657070     
          25          63  0.97325480004986842     
          63          64  0.99629812402645812     
          23          65  0.99116420289497409     
          64          65   1.0083669768554058     
          21          66  0.18043663343767755     
          22          66   1.7495562617972706     
          15          67   1.2127004302577638     
          12          68   1.1707865248195726     
          67          68   1.2427191546309624     
          68          69   1.3259136129187179     
          69          70   1.5093809409461452     
          58          71   1.0510471342339045     
          70          71   1.3088719506906263     
          67          72   1.3161081526206382     
          69          72  0.10355918307408273     
          71          72   1.4395802005650062     
          36          73  0.90044037005200128     
           1          74  0.97507491151341474     
           1          75  0.98507745513208600     
           1          76  0.98283948429213597     
           2          77  0.95752950930692660     
           4          78  0.97788579799987407     
           4          79  0.97622226603609041     
           4          80  0.97536483035798338     
           7          81  0.96335911532965401     
           8          82  0.96933196970662150     
           9          83  0.96506074199989256     
          13          84  0.96957574997570306     
          13          85  0.96013621158998474     
          14          86  0.98523862508714555     
          14          87  0.98556140529586012     
          14          88  0.98532727010099608     
          16          89  0.96791160661130504     
          16          90  0.96347750513114172     
          18          91  0.98433136831104262     
          18          92  0.98414451601980035     
          18          93  0.98197959031238158     
          19          94  0.98350566321725197     
          19          95  0.98492618058825843     
          19          96  0.98531555502137569     
          20          97  0.96587948508611665     
          20          98  0.96200471247227537     
          23          99  0.93582797583597133     
          24         100  0.90915756389713331     
          27         101  0.94432989210046625     
          28         102  0.92467035192884039     
          30         103  0.94922038762358873     
          31         104  0.96420108892063683     
          32         105  0.98558887770399128     
          32         106  0.98310086838713007     
          32         107  0.98518952566075557     
          33         108  0.98557555592511448     
          33         109  0.98435770243752185     
          33         110  0.98420472124145442     
          37         111  0.96266934728313414     
          37         112  0.96567344853367898     
          38         113  0.95827457748165668     
          38         114  0.96550248824211571     
          45         115  0.97973733181508693     
          45         116  0.97512138575428697     
          45         117  0.98110099602458045     
          46         118  0.97922514570546859     
          46         119  0.98071156574128382     
          46         120  0.97314032142601448     
          47         121  0.98386802056676370     
          47         122  0.98359124305391787     
          47         123  0.98285034890492606     
          48         124  0.98383700972825316     
          48         125  0.98244822679744881     
          48         126  0.98347648381691588     
          50         127  0.96310843796885726     
          50         128  0.96417600758134270     
          51         129  0.97222102056176141     
          51         130  0.96869529913382402     
          53         131  0.96622410639521983     
          53         132  0.97090393474345449     
          53         133  0.97149151358492947     
          55         134  0.96682111383615787     
          55         135  0.97452130565811623     
          56         136  0.95697551618988219     
          57         137  0.96952645974110174     
          57         138  0.95643458329802367     
          59         139  0.97087672701978711     
          59         140  0.95262031369961386     
          60         141  0.96599711872720528     
          60         142  0.97008710366625706     
          63         143  0.96613707447232311     
          63         144  0.96961449810283773     
          64         145  0.97723345127822359     
          64         146  0.97435471458322009     
          65         147  0.97416170731245411     
          65         148  0.97349320861794375     
          69         149  0.96633908553454984     
          70         150  0.96793508971497577     
          72         151  0.95950181399996648     
