   -0.11810130
    0.10978879
   -0.31758790
    0.04414294
    0.08601893
   -0.23722150
    0.05733262
   -0.04357610
   -0.01475213
    0.00708230
    0.02636804
   -0.02660847
   -0.00059255
   -0.10934280
   -0.03943128
   -0.07231932
    0.02276702
   -0.10670694
   -0.11219758
    0.06492239
   -0.25789679
    0.35290965
    0.02668190
   -0.19527571
   -0.02280720
    0.24184958
    0.02627831
   -0.16393311
    0.27209066
    0.01013966
   -0.01476942
   -0.11088796
   -0.11249226
   -0.07296210
    0.24823770
    0.15249949
   -0.06863523
    0.00197710
   -0.09259976
    0.29013390
   -0.07687808
   -0.02734298
    0.10302593
   -0.17402140
   -0.03225014
   -0.03131508
   -0.10902064
   -0.10705577
   -0.45867122
   -0.00036342
   -0.06428002
   -0.46558969
   -0.05696208
   -0.46202180
   -0.07251677
    0.11062025
    0.01028402
   -0.16654853
   -0.00003822
    0.07877565
   -0.31909326
   -0.43789288
   -0.01024193
   -0.06264376
   -0.06628682
   -0.40266390
   -0.02838729
    0.03426374
   -0.04605539
   -0.05906781
    0.04717638
   -0.07300893
   -0.27166995
    0.03961229
    0.07523917
    0.03860471
    0.03828478
    0.02731256
    0.02996134
    0.05302112
    0.03881729
    0.03649933
    0.03524239
    0.04414565
    0.07336260
    0.04141548
    0.04701047
    0.03757400
    0.04410814
    0.05747695
    0.04014437
    0.03800963
    0.04602683
    0.03455340
    0.04266624
    0.04181793
    0.05788850
    0.06453045
    0.02573582
    0.18761985
    0.06312164
    0.20445391
    0.07727003
    0.04838223
    0.04213074
    0.04337148
    0.04360969
    0.04171870
    0.04982080
    0.04113156
    0.05908691
    0.05589139
    0.09327246
    0.04819857
    0.04038690
    0.03857030
    0.01526742
    0.03731048
    0.04078733
    0.01807322
    0.04144935
    0.04156638
    0.05321453
    0.05375929
    0.04103626
    0.04408463
    0.05557543
    0.05563853
    0.05964711
    0.06635943
    0.07460138
    0.07973963
    0.06054271
    0.08180666
    0.04606921
    0.02376251
    0.03504963
    0.02604826
    0.03511646
    0.04942725
    0.02366127
    0.05194900
    0.07903073
    0.06508448
    0.04206953
    0.04940560
    0.06380709
    0.05536922
    0.02577611
    0.02050549
    0.02752798
