           1           2  0.98243489748965096     
           2           3  0.96326498141056816     
           3           4  0.99968924027674100     
           2           5  0.98239920209523945     
           5           6   1.4144256397055150     
           6           7   1.4427248018307199     
           5           8  0.10812307550226806     
           7           8   1.4171030661076580     
           8           9   1.4493676046954718     
           5          10   1.3625688007999506     
           7          10  0.11148796708077552     
           9          10   1.3958252819965682     
          10          11   1.0186524125479053     
          11          12   1.1682449229837513     
          12          13  0.99337218472861155     
          13          14   1.0061264877048983     
          11          15   1.5123415282419501     
          15          16   1.0180722383080532     
          16          17  0.96836132456638824     
          17          18  0.99885178453923551     
          17          19  0.99720990043400959     
          17          20  0.97039013193977475     
          20          21  0.92647256892799945     
          21          22   1.1596318069252520     
          22          23  0.93982159318498770     
          23          24  0.98749667146084741     
          24          25   1.0054145109744519     
          25          26   1.2551375021948348     
          26          27  0.92055728481213772     
          27          28  0.97496812609568451     
          28          29   1.2967120972702693     
          29          30  0.93469719111630312     
          30          31  0.96695907383449320     
          31          32   1.0071681686178648     
          31          33   1.0068099366445020     
          30          34  0.96427920771170905     
          34          35   1.2933982892830946     
          35          36  0.92666755808678014     
          36          37  0.97371426812403317     
          37          38  0.99258985618246598     
          38          39  0.98909492702315349     
          39          40   1.2308003544857258     
          40          41   1.0271125996718511     
          41          42   2.7515053139517542     
          42          43   1.0138452214146769     
          43          44  0.96524231928188986     
          44          45   1.0143026205172521     
          44          46   1.0133517047416420     
          43          47  0.97616363016979879     
          43          48  0.97172260837049862     
          39          49  0.19156112192546357     
          40          49   1.6134945789573065     
          39          50  0.99582098902225069     
          36          51  0.98283679834442728     
          50          51  0.99619567887010074     
          34          52  0.20137531912442422     
          35          52   1.6247832809528175     
          34          53  0.99458085579773936     
          28          54  0.19863648204375495     
          29          54   1.6330456664170718     
          27          55  0.99174299002185562     
          55          56  0.98646427999095376     
          56          57  0.98290551770324208     
          57          58   1.0027523052822733     
          58          59  0.98449508884794001     
          59          60  0.99487198672984178     
          56          61  0.97514800419954040     
          60          61  0.98416473949157923     
          25          62  0.20320801543400133     
          26          62   1.6649071796410135     
          25          63  0.97332558824906412     
          63          64  0.99628161622194578     
          23          65  0.99123097082736378     
          64          65   1.0083945164409038     
          21          66  0.18028039888312367     
          22          66   1.7502544268683220     
          15          67   1.2124842780518357     
          12          68   1.1710814980772886     
          67          68   1.2426161916192027     
          68          69   1.3257501614118550     
          69          70   1.5093799847889324     
          58          71   1.0511972886709731     
          70          71   1.3087783958378549     
          67          72   1.3164807218573455     
          69          72  0.10336656447354965     
          71          72   1.4397044049642398     
          36          73  0.90090562559943088     
           1          74  0.98294839998707684     
           1          75  0.97378947670164540     
           1          76  0.98512580619351009     
           2          77  0.95773099558750652     
           4          78  0.97636547499519888     
           4          79  0.97549457239017512     
           4          80  0.97815704561471906     
           7          81  0.96334754609208062     
           8          82  0.96933914505396090     
           9          83  0.96513421804888400     
          13          84  0.96959874187754236     
          13          85  0.96100718741112634     
          14          86  0.98558228417693550     
          14          87  0.98528797431923776     
          14          88  0.98518681020681642     
          16          89  0.96786748331312245     
          16          90  0.96315490055721587     
          18          91  0.98498231570633121     
          18          92  0.98532515330556480     
          18          93  0.98343934817634782     
          19          94  0.98208132328213171     
          19          95  0.98434470088682824     
          19          96  0.98415144598168125     
          20          97  0.96590759129852755     
          20          98  0.96197685812586531     
          23          99  0.93625239862793164     
          24         100  0.90995734156275754     
          27         101  0.94428691123692154     
          28         102  0.92434665921282244     
          30         103  0.94922888496585611     
          31         104  0.96441862328902950     
          32         105  0.98307859805558828     
          32         106  0.98516888191105501     
          32         107  0.98560983267625457     
          33         108  0.98560331677082180     
          33         109  0.98438923128035150     
          33         110  0.98421691916229559     
          37         111  0.96286242841987701     
          37         112  0.96608363326629565     
          38         113  0.95793568008272079     
          38         114  0.96533757237337803     
          45         115  0.97988948881388427     
          45         116  0.98108555748296777     
          45         117  0.97485513059153195     
          46         118  0.98129274816790046     
          46         119  0.97985430995322353     
          46         120  0.97389229011633849     
          47         121  0.98395940750643496     
          47         122  0.98425789740246927     
          47         123  0.98283597803538203     
          48         124  0.98209488345406348     
          48         125  0.98442669904771130     
          48         126  0.98260618820314083     
          50         127  0.96398096590383098     
          50         128  0.96418376910083492     
          51         129  0.97222349105800410     
          51         130  0.96899563821628831     
          53         131  0.97157964972163913     
          53         132  0.96602434856584096     
          53         133  0.97090173649509692     
          55         134  0.96679797167535164     
          55         135  0.97448150978398251     
          56         136  0.95691545590877491     
          57         137  0.96957607676826896     
          57         138  0.95662094854871449     
          59         139  0.97107370989990871     
          59         140  0.95312656612200120     
          60         141  0.96603391226153434     
          60         142  0.97010818201973348     
          63         143  0.96605484314800505     
          63         144  0.96957429903590187     
          64         145  0.97726383821389007     
          64         146  0.97433846350175246     
          65         147  0.97408444994338672     
          65         148  0.97356516533512205     
          69         149  0.96572868423712666     
          70         150  0.96742405081192440     
          72         151  0.95953475166438640     
