   -0.11787990
    0.11005238
   -0.31771168
    0.04526371
    0.08668861
   -0.23588471
    0.05775877
   -0.04293115
   -0.01621253
    0.00530777
    0.02265285
   -0.02107526
   -0.00414299
   -0.10946676
   -0.04305373
   -0.07177884
    0.02390317
   -0.10927387
   -0.11254781
    0.06585210
   -0.26399501
    0.35260850
    0.02625792
   -0.19769999
   -0.02091333
    0.24263674
    0.02680881
   -0.16594937
    0.27069823
    0.00682382
   -0.01435884
   -0.10968658
   -0.11257589
   -0.07053484
    0.24661101
    0.15222424
   -0.06509712
   -0.00074301
   -0.09036257
    0.29067391
   -0.07445158
   -0.01397386
    0.10120664
   -0.17115500
   -0.02975443
   -0.03118044
   -0.10792063
   -0.10600707
   -0.45354583
    0.00239040
   -0.06710549
   -0.46640168
   -0.05877472
   -0.46126914
   -0.07294176
    0.11044915
    0.00925533
   -0.16437721
   -0.00040872
    0.07856356
   -0.32232863
   -0.43713988
   -0.01012760
   -0.06263432
   -0.06600236
   -0.39599603
   -0.02595969
    0.03138429
   -0.04608070
   -0.06125935
    0.04590474
   -0.08186507
   -0.27042390
    0.07493367
    0.04001085
    0.03894342
    0.03743304
    0.05282010
    0.02710701
    0.02817290
    0.03954472
    0.03689050
    0.03608084
    0.04587684
    0.07857824
    0.03764563
    0.04240986
    0.04708580
    0.06316320
    0.02698178
    0.04324899
    0.03657570
    0.03756985
    0.05315899
    0.04983086
    0.03255832
    0.05570176
    0.06605441
    0.02527464
    0.18788961
    0.06188714
    0.20992741
    0.08082698
    0.04844956
    0.04318008
    0.04379337
    0.04022827
    0.04103006
    0.04225376
    0.04925234
    0.06038853
    0.06840203
    0.05563767
    0.05525047
    0.01025793
    0.04453268
    0.03797806
    0.03866665
    0.04072534
    0.01111409
    0.05432067
    0.04102448
    0.04448778
    0.03754071
    0.04018185
    0.03525176
    0.04929912
    0.09122179
    0.05473823
    0.05722955
    0.08886010
    0.05897718
    0.07064594
    0.08286191
    0.04513535
    0.02556962
    0.03781942
    0.02218775
    0.03775998
    0.04693395
    0.02404529
    0.05369471
    0.07850641
    0.06527799
    0.04147299
    0.04948243
    0.06469642
    0.05282635
    0.02885383
    0.01975623
    0.03500048
