           1           2  0.98306446758310106     
           2           3  0.96361036105811260     
           3           4   1.0000335066318666     
           2           5  0.98269242149887492     
           5           6   1.4158376302910816     
           6           7   1.4419079779524242     
           5           8  0.10939317290918697     
           7           8   1.4198446432561520     
           8           9   1.4463390627076993     
           5          10   1.3635161590634268     
           7          10  0.11229415704761084     
           9          10   1.4035412266543952     
          10          11   1.0118917802700234     
          11          12   1.1807632047495329     
          12          13  0.99213390490398179     
          13          14   1.0050868086811406     
          11          15   1.5093654039032440     
          15          16   1.0050310235750053     
          16          17  0.98321775402992950     
          17          18  0.99709261445694752     
          17          19  0.99901412631273712     
          17          20  0.97134187446583842     
          20          21  0.92537046308204074     
          21          22   1.1530053601953225     
          22          23  0.93717268065431902     
          23          24  0.98452101890807986     
          24          25   1.0061985392254240     
          25          26   1.2564600435965128     
          26          27  0.91922811886038558     
          27          28  0.97558067291679718     
          28          29   1.3021657422544026     
          29          30  0.93571887907042994     
          30          31  0.96360902004444693     
          31          32   1.0077383974439162     
          31          33   1.0070956936001818     
          30          34  0.96569229801521317     
          34          35   1.2990753880737893     
          35          36  0.92514694611336235     
          36          37  0.98310954379433813     
          37          38  0.99614777727818116     
          38          39  0.99570043453874357     
          39          40   1.2315381775694225     
          40          41   1.0262086992865804     
          41          42   2.7552639005960864     
          42          43   1.0198066318960290     
          43          44  0.97276993846346338     
          44          45   1.0156484949754438     
          44          46   1.0173530064241305     
          43          47  0.97115235725977667     
          43          48  0.96183820956785193     
          39          49  0.19372967775798175     
          40          49   1.6164846826631045     
          39          50  0.98987004461276995     
          36          51  0.97288831796251285     
          50          51  0.99336694065125464     
          34          52  0.20242896036053507     
          35          52   1.6184022301537344     
          34          53  0.99426556257962384     
          28          54  0.19872936401155952     
          29          54   1.6259841405505602     
          27          55  0.99135492749912557     
          55          56  0.98786719466908557     
          56          57  0.98199620464071935     
          57          58   1.0038061358219412     
          58          59  0.98568275148115270     
          59          60  0.99577497913294966     
          56          61  0.97350755228847896     
          60          61  0.98173719234135437     
          25          62  0.20286389982044417     
          26          62   1.6659754894326215     
          25          63  0.97368768544737339     
          63          64  0.99586753431170716     
          23          65  0.99251532081845029     
          64          65   1.0076100966072212     
          21          66  0.18192806217909202     
          22          66   1.7595170849459203     
          15          67   1.2221573727239032     
          12          68   1.1705200230243300     
          67          68   1.2345138916982668     
          68          69   1.3284754636700642     
          69          70   1.5101308586782312     
          58          71   1.0540938319394264     
          70          71   1.3048691652283935     
          67          72   1.3112045922268638     
          69          72  0.10244598758128270     
          71          72   1.4410793402301685     
          36          73  0.90328128441025202     
           1          74  0.97513405147970000     
           1          75  0.98492333631095508     
           1          76  0.98342141554460105     
           2          77  0.95703659522139717     
           4          78  0.97733153374409387     
           4          79  0.97606634868686071     
           4          80  0.97552240546847357     
           7          81  0.96336690453681550     
           8          82  0.96938466383676003     
           9          83  0.96832570466632983     
          13          84  0.96912645976496647     
          13          85  0.96072209862726288     
          14          86  0.98659683537032916     
          14          87  0.98542261931587793     
          14          88  0.98570200688228649     
          16          89  0.95750848625526619     
          16          90  0.96400848185115129     
          18          91  0.98501910010670701     
          18          92  0.98498560282774861     
          18          93  0.98490955861198248     
          19          94  0.97904305156194005     
          19          95  0.97277435211974517     
          19          96  0.98321603575692396     
          20          97  0.96628215715664278     
          20          98  0.95831790608763967     
          23          99  0.93874297540395468     
          24         100  0.90668893830099162     
          27         101  0.94554710540129172     
          28         102  0.91814656020009999     
          30         103  0.94774844446600937     
          31         104  0.96478970319334922     
          32         105  0.98493906030398459     
          32         106  0.98565355453084902     
          32         107  0.98383222226627853     
          33         108  0.98419260693997701     
          33         109  0.98570990122131508     
          33         110  0.98443420897162504     
          37         111  0.97211200248353369     
          37         112  0.96994162637663950     
          38         113  0.96406579236997147     
          38         114  0.96349230663115626     
          45         115  0.97298715114746570     
          45         116  0.97601511475313707     
          45         117  0.98102164699025873     
          46         118  0.98033852272565214     
          46         119  0.97963559291593882     
          46         120  0.97209453423608605     
          47         121  0.98498939112279316     
          47         122  0.98486464055654677     
          47         123  0.98004873354353284     
          48         124  0.98524295762106873     
          48         125  0.98168830994178324     
          48         126  0.98592108476171325     
          50         127  0.96470372089974454     
          50         128  0.95966189272732505     
          51         129  0.96800693027641049     
          51         130  0.96111759005580577     
          53         131  0.96459031329474032     
          53         132  0.97008890248368940     
          53         133  0.97140634251343549     
          55         134  0.96645549104549555     
          55         135  0.97432966997249149     
          56         136  0.95662729282334702     
          57         137  0.96963244925004499     
          57         138  0.95737352247223662     
          59         139  0.96890628232217701     
          59         140  0.95204813216003648     
          60         141  0.96614652017980163     
          60         142  0.96989978321801695     
          63         143  0.96650512173258274     
          63         144  0.96944728971978866     
          64         145  0.97747828384234314     
          64         146  0.97448259677440918     
          65         147  0.97403242890872455     
          65         148  0.97390060329534245     
          69         149  0.96513899552656035     
          70         150  0.96656848806835916     
          72         151  0.95223784158257430     
