   -0.11570300
    0.11607361
   -0.31406628
    0.04334747
    0.08745603
   -0.21282057
    0.05671055
   -0.04316741
   -0.01875957
   -0.00265483
    0.01871417
   -0.04527116
    0.00352297
   -0.10984125
   -0.03851825
   -0.07054842
    0.02309663
   -0.11281727
   -0.11346497
    0.07563712
   -0.25007466
    0.35123254
    0.02850653
   -0.19585520
   -0.02157223
    0.24212794
    0.02829489
   -0.16766896
    0.27091887
    0.00355069
   -0.01195406
   -0.11019895
   -0.11117187
   -0.07934867
    0.25098179
    0.15587720
   -0.06357735
    0.00350782
   -0.09595417
    0.28871082
   -0.07589587
   -0.02664029
    0.10218773
   -0.17217040
   -0.03181231
   -0.03376382
   -0.10860550
   -0.10900366
   -0.44281092
    0.00181824
   -0.06732457
   -0.46767359
   -0.04832908
   -0.44433705
   -0.06849155
    0.11280631
    0.00821300
   -0.15646075
    0.00537710
    0.07805216
   -0.32397770
   -0.43668762
   -0.01071424
   -0.06183878
   -0.06479849
   -0.41205230
   -0.02439528
    0.02587215
   -0.05197032
   -0.05630230
    0.05326694
   -0.06230289
   -0.27059076
    0.04091880
    0.07045702
    0.03547763
    0.01452220
    0.02634610
    0.05688097
    0.03229117
    0.04258137
    0.03825357
    0.03747326
    0.04546579
    0.05045695
    0.04937528
    0.04110058
    0.04530455
    0.06123895
    0.04228149
    0.03750758
    0.04648664
    0.03820356
    0.04696149
    0.03943254
    0.04521800
    0.06013063
    0.04830516
    0.02794451
    0.19393030
    0.07103321
    0.20189263
    0.08039993
    0.05200021
    0.03603578
    0.04397822
    0.04136615
    0.04573784
    0.04694359
    0.03893348
    0.04853310
    0.06167420
    0.04956372
    0.08144268
    0.00986945
    0.03952345
    0.04041266
    0.04389177
    0.01737667
    0.03920716
    0.04398858
    0.05330185
    0.03723525
    0.04755062
    0.05071154
    0.04423424
    0.05156237
    0.05479310
    0.07122575
    0.06071112
    0.05975912
    0.06814894
    0.07726524
    0.06956405
    0.05137775
    0.02322571
    0.03178753
    0.02599194
    0.04366859
    0.03158520
    0.02276709
    0.05918498
    0.07976038
    0.06532988
    0.04131564
    0.04830464
    0.05823258
    0.04904497
    0.02443351
    0.02910407
    0.01856970
