           1           2  0.99463952980621051     
           2           3  0.96312401082890964     
           3           4  0.99641853289123516     
           2           5  0.97605738494414018     
           5           6   1.4255676380951743     
           6           7   1.4434872483747272     
           5           8  0.11000705178214076     
           7           8   1.4160529586312345     
           8           9   1.4494490056565277     
           5          10   1.3591200695484660     
           7          10  0.11068613197243615     
           9          10   1.3952449232612079     
          10          11   1.0259419652122004     
          11          12   1.1567139007436007     
          12          13  0.99562355347866249     
          13          14   1.0047510098836234     
          11          15   1.5130927591735461     
          15          16   1.0198645772752122     
          16          17  0.96449691143802541     
          17          18  0.99825216823543061     
          17          19  0.99772714076601376     
          17          20  0.98153778695078497     
          20          21  0.92583209617554552     
          21          22   1.1657696038956518     
          22          23  0.94250667025933355     
          23          24  0.99514952783863586     
          24          25   1.0068934595379333     
          25          26   1.2503353918363886     
          26          27  0.92145198308345377     
          27          28  0.98056362547772591     
          28          29   1.2878528521769528     
          29          30  0.92781946211763866     
          30          31  0.97897774401698034     
          31          32   1.0085821932019627     
          31          33   1.0056115130982215     
          30          34  0.95417596994943155     
          34          35   1.2937077876024115     
          35          36  0.93050621201033168     
          36          37  0.96797795486489036     
          37          38  0.99439614906089002     
          38          39  0.99276090141889928     
          39          40   1.2138519022215084     
          40          41   1.0231404673595785     
          41          42   2.7555676846228754     
          42          43   1.0127947949628198     
          43          44  0.96200710617103358     
          44          45   1.0161726782351792     
          44          46   1.0131134852497281     
          43          47  0.97471667508148074     
          43          48  0.97731973865475474     
          39          49  0.19576765029586951     
          40          49   1.6399728052567415     
          39          50  0.99694558415915946     
          36          51  0.97964772112435117     
          50          51  0.99597213084119174     
          34          52  0.19724263802847863     
          35          52   1.6235099208726351     
          34          53  0.99089208861857458     
          28          54  0.20163182047928840     
          29          54   1.6553289024971958     
          27          55  0.98915174831007546     
          55          56  0.99054515037369784     
          56          57  0.97931103672239916     
          57          58   1.0038525690696298     
          58          59  0.98824687088067353     
          59          60  0.99500214727266789     
          56          61  0.97506975528421536     
          60          61  0.98318580817434731     
          25          62  0.20187644438075078     
          26          62   1.6697249397287048     
          25          63  0.97471234143981311     
          63          64  0.99636710580288335     
          23          65  0.98676120900628017     
          64          65   1.0066736162132190     
          21          66  0.18058158930485946     
          22          66   1.7381662495835712     
          15          67   1.2110976688312085     
          12          68   1.1581463624078816     
          67          68   1.2461530988018565     
          68          69   1.3281139514309428     
          69          70   1.5105938294029595     
          58          71   1.0618165623255647     
          70          71   1.3043800341206111     
          67          72   1.3208608269870472     
          69          72  0.10349585031398349     
          71          72   1.4415180813182575     
          36          73  0.90522208487617395     
           1          74  0.98349309863099577     
           1          75  0.98235151284501465     
           1          76  0.98434541961249966     
           2          77  0.95437920386252739     
           4          78  0.97589694211723677     
           4          79  0.97870204310701880     
           4          80  0.97656327828344114     
           7          81  0.96316813379408484     
           8          82  0.96939363676958012     
           9          83  0.96802527623776669     
          13          84  0.96781070542092440     
          13          85  0.96869774862699320     
          14          86  0.98638986735528622     
          14          87  0.98554936429102269     
          14          88  0.98497098143809447     
          16          89  0.96246935420393676     
          16          90  0.96805256727193600     
          18          91  0.98387589074121740     
          18          92  0.98246611768366499     
          18          93  0.98494782063498509     
          19          94  0.98427086075726733     
          19          95  0.98484558436839653     
          19          96  0.98484153944815622     
          20          97  0.96285769409158339     
          20          98  0.96593911006082933     
          23          99  0.92819065458980787     
          24         100  0.90913624459788145     
          27         101  0.93952756656657876     
          28         102  0.92051430562967917     
          30         103  0.94598744201935114     
          31         104  0.96022111001735277     
          32         105  0.98543350260482432     
          32         106  0.98535275074456252     
          32         107  0.98613572138776839     
          33         108  0.98531991977270850     
          33         109  0.98474616532264247     
          33         110  0.98620315290790006     
          37         111  0.97316993249377248     
          37         112  0.97314572910433661     
          38         113  0.96560324616455617     
          38         114  0.96282767038647388     
          45         115  0.97347947260590029     
          45         116  0.97937592675084950     
          45         117  0.98064262517253620     
          46         118  0.97981273313629491     
          46         119  0.97528277033296096     
          46         120  0.98103454801026124     
          47         121  0.98417775833983812     
          47         122  0.98279956705612004     
          47         123  0.98353109425920393     
          48         124  0.98343299917000893     
          48         125  0.98286551192831639     
          48         126  0.98387138194236168     
          50         127  0.96480122908580102     
          50         128  0.96183490749901779     
          51         129  0.96985885749208922     
          51         130  0.96979052042033587     
          53         131  0.97606933553118269     
          53         132  0.97284808527559574     
          53         133  0.97350676006033443     
          55         134  0.96807777686393359     
          55         135  0.97142238850145257     
          56         136  0.95604893339715413     
          57         137  0.97144140146464508     
          57         138  0.95343314038143012     
          59         139  0.96946414397399316     
          59         140  0.96392516099114689     
          60         141  0.96566776688182254     
          60         142  0.96526959488518804     
          63         143  0.96621156537530950     
          63         144  0.96962346238980568     
          64         145  0.97757306028210411     
          64         146  0.97475494345228264     
          65         147  0.97555309194427009     
          65         148  0.97372224774539884     
          69         149  0.96609561987504244     
          70         150  0.96717158917792867     
          72         151  0.96235286547142707     
