   -0.11756505
    0.11563864
   -0.31417706
    0.04396916
    0.08743494
   -0.21434407
    0.05676466
   -0.04332079
   -0.01676234
   -0.00237104
    0.01864446
   -0.04508242
    0.00601130
   -0.11024010
   -0.03840220
   -0.06902732
    0.02287943
   -0.11276477
   -0.11307735
    0.07611836
   -0.25119749
    0.35093367
    0.02890864
   -0.19654010
   -0.02566499
    0.24188132
    0.02674468
   -0.17213369
    0.26968436
    0.00403115
   -0.01207177
   -0.11074254
   -0.11164268
   -0.10574191
    0.25418044
    0.15056759
   -0.06523099
   -0.00290125
   -0.09700163
    0.28860172
   -0.07253803
   -0.01662084
    0.10141055
   -0.17758673
   -0.03086600
   -0.03120310
   -0.10586046
   -0.10733342
   -0.44318727
    0.00200442
   -0.07140245
   -0.42512976
   -0.05002010
   -0.44331835
   -0.07032949
    0.11175133
    0.00828425
   -0.15706882
    0.00523421
    0.07908407
   -0.32427054
   -0.43450697
   -0.00990839
   -0.06174413
   -0.06449313
   -0.40980137
   -0.02488734
    0.02531368
   -0.05226999
   -0.05633127
    0.05294436
   -0.06213800
   -0.24799719
    0.07084324
    0.03897501
    0.04110665
    0.01424652
    0.05702507
    0.03113090
    0.02691164
    0.04261836
    0.03841571
    0.03888815
    0.04746012
    0.04235688
    0.04358242
    0.05103459
    0.04489557
    0.05819178
    0.04414933
    0.04649963
    0.03754919
    0.03797860
    0.04702957
    0.03915755
    0.04371955
    0.05962626
    0.04782839
    0.02838324
    0.19253280
    0.07396710
    0.20554372
    0.08106304
    0.05079356
    0.04376455
    0.04149870
    0.03488917
    0.05003509
    0.03829787
    0.04516486
    0.04258577
    0.06090124
    0.06197607
    0.06451656
    0.03678398
    0.03705922
    0.01617829
    0.03880739
    0.01224716
    0.04218528
    0.03917319
    0.04217479
    0.03778054
    0.04845452
    0.04578376
    0.04690020
    0.07750303
    0.05837647
    0.06504026
    0.05159016
    0.08034484
    0.04924186
    0.06169941
    0.07110020
    0.05517521
    0.02618003
    0.03245133
    0.02458966
    0.04501744
    0.03187585
    0.02884520
    0.04525292
    0.07944346
    0.06421301
    0.04274055
    0.04773614
    0.05726244
    0.04945029
    0.02510398
    0.03052537
    0.01837388
