           1           2  0.99711233789614118     
           2           3  0.96254562703032165     
           3           4  0.99698322473061307     
           2           5  0.97536101505350115     
           5           6   1.4285546171971664     
           6           7   1.4399591602360027     
           5           8  0.11088644558764582     
           7           8   1.4207943895374562     
           8           9   1.4446541118902836     
           5          10   1.3568178659732584     
           7          10  0.11207104712302637     
           9          10   1.4050310446690193     
          10          11   1.0176897893545560     
          11          12   1.1598934305569357     
          12          13  0.99558181903062115     
          13          14   1.0056069477231913     
          11          15   1.5174266909269449     
          15          16   1.0193073044272039     
          16          17  0.96502867817578142     
          17          18  0.99834354169773287     
          17          19  0.99770563093737419     
          17          20  0.98152120486594963     
          20          21  0.92661435432870209     
          21          22   1.1628194438350332     
          22          23  0.94266908571370900     
          23          24  0.99572061841729365     
          24          25   1.0058896193425648     
          25          26   1.2454027538285082     
          26          27  0.92200867589335900     
          27          28  0.97957780952777584     
          28          29   1.2876879437547999     
          29          30  0.92823816756630950     
          30          31  0.97927289942693652     
          31          32   1.0086819363985966     
          31          33   1.0057075879803787     
          30          34  0.95572632423293469     
          34          35   1.2526298389367954     
          35          36  0.92448691694101615     
          36          37  0.97270591976637200     
          37          38  0.99132981772296702     
          38          39  0.99700182005344118     
          39          40   1.2150462169630594     
          40          41   1.0249275942785707     
          41          42   2.7609593161410455     
          42          43   1.0183500672973422     
          43          44  0.96853284347828461     
          44          45   1.0154422677764212     
          44          46   1.0164143391769394     
          43          47  0.96510018560505761     
          43          48  0.97230138689583434     
          39          49  0.19583975656631156     
          40          49   1.6391986986619949     
          39          50  0.99008843391050205     
          36          51  0.97693751333862511     
          50          51  0.99281432474240683     
          34          52  0.19382719053647673     
          35          52   1.6717837618402291     
          34          53  0.99390527240217974     
          28          54  0.20213902643601764     
          29          54   1.6566131151319041     
          27          55  0.98859100868071226     
          55          56  0.99161238911209237     
          56          57  0.97939900038417638     
          57          58   1.0039341675482782     
          58          59  0.98870863288356281     
          59          60  0.99489724028364457     
          56          61  0.97251647829469834     
          60          61  0.98451916315713961     
          25          62  0.20037259371843577     
          26          62   1.6733446360561586     
          25          63  0.97471467721710003     
          63          64  0.99670071050754960     
          23          65  0.98604883076319583     
          64          65   1.0068444987737442     
          21          66  0.18038148718132616     
          22          66   1.7413210146602736     
          15          67   1.2103837717271104     
          12          68   1.1582940892139297     
          67          68   1.2464394740846887     
          68          69   1.3279183295519579     
          69          70   1.5103918041165107     
          58          71   1.0585035647206527     
          70          71   1.3056908642432794     
          67          72   1.3205866698747768     
          69          72  0.10362882927255350     
          71          72   1.4433596126352253     
          36          73  0.92226165225218815     
           1          74  0.98242295179182937     
           1          75  0.98543040565394513     
           1          76  0.98329371572219559     
           2          77  0.95430917738878962     
           4          78  0.97860515470487053     
           4          79  0.97638716589398977     
           4          80  0.97574033957334350     
           7          81  0.96316445586478805     
           8          82  0.96942781914771148     
           9          83  0.96627067810912459     
          13          84  0.96833132949815182     
          13          85  0.96996097282758065     
          14          86  0.98546604222097278     
          14          87  0.98546201402113531     
          14          88  0.98507115803871392     
          16          89  0.96478769576680190     
          16          90  0.96768003413222614     
          18          91  0.98201525886176433     
          18          92  0.98496447598188397     
          18          93  0.98354561209947555     
          19          94  0.98419477667188382     
          19          95  0.98490648701992001     
          19          96  0.98500357347832157     
          20          97  0.96282499668703880     
          20          98  0.96608174158576310     
          23          99  0.92829779324364714     
          24         100  0.91027162825286090     
          27         101  0.94000743370726714     
          28         102  0.91515768409969789     
          30         103  0.94465643062721660     
          31         104  0.95997021639790014     
          32         105  0.98543960153626631     
          32         106  0.98615933938204237     
          32         107  0.98552689395553972     
          33         108  0.98442152443767950     
          33         109  0.98620303135815712     
          33         110  0.98533937029263685     
          37         111  0.96979819364217457     
          37         112  0.97223242233567020     
          38         113  0.96192578285870045     
          38         114  0.96540192305569250     
          45         115  0.98102284227224823     
          45         116  0.97812430561791808     
          45         117  0.97362688453112689     
          46         118  0.98061751604575154     
          46         119  0.97216796895664337     
          46         120  0.97981710982721415     
          47         121  0.98507642158489817     
          47         122  0.98503618012142491     
          47         123  0.98171903318842557     
          48         124  0.98524370732989686     
          48         125  0.98050897833224404     
          48         126  0.98400982414424576     
          50         127  0.96496427496804993     
          50         128  0.96660163881448757     
          51         129  0.97049662113477231     
          51         130  0.96715459844690699     
          53         131  0.97134487662479263     
          53         132  0.96999992257993384     
          53         133  0.97005858218147001     
          55         134  0.96790812955466976     
          55         135  0.97103279993915415     
          56         136  0.95605785780483044     
          57         137  0.97174649360722531     
          57         138  0.95403865942081423     
          59         139  0.96952062460361699     
          59         140  0.96390842691123657     
          60         141  0.96569855325859844     
          60         142  0.96757135653867565     
          63         143  0.96618416098767590     
          63         144  0.96989425556299902     
          64         145  0.97737815660105398     
          64         146  0.97476225940786265     
          65         147  0.97564188416917064     
          65         148  0.97350110888673791     
          69         149  0.96634009598769255     
          70         150  0.96730778107730631     
          72         151  0.96263413862578218     
