   -0.11710187
    0.11605888
   -0.31458403
    0.04391716
    0.08876558
   -0.21250573
    0.05632822
   -0.04349943
   -0.01811778
   -0.00224987
    0.01613575
   -0.04343684
    0.00659467
   -0.11034426
   -0.03850046
   -0.07362888
    0.02166859
   -0.10966888
   -0.11603328
    0.06888633
   -0.24654525
    0.35528004
    0.01931158
   -0.18392000
   -0.01784040
    0.23964362
    0.02177164
   -0.17596770
    0.27086617
    0.00160461
   -0.01198253
   -0.11057153
   -0.11582162
   -0.07056751
    0.24754476
    0.15311760
   -0.06476894
   -0.00015535
   -0.09587708
    0.28877684
   -0.07558566
   -0.02740968
    0.10231638
   -0.17199940
   -0.03385652
   -0.03233577
   -0.10873642
   -0.10893632
   -0.44469893
    0.00362505
   -0.06356870
   -0.46383942
   -0.04827769
   -0.44110167
   -0.07440877
    0.10853801
    0.00314567
   -0.16647128
    0.00022900
    0.08153049
   -0.33220885
   -0.45532252
   -0.01033781
   -0.06232873
   -0.06428365
   -0.41146208
   -0.02101748
    0.03223739
   -0.05021579
   -0.05197868
    0.05414538
   -0.05545831
   -0.26619059
    0.04098236
    0.06983319
    0.03798531
    0.01488331
    0.02696841
    0.05441891
    0.03263903
    0.04230336
    0.03792719
    0.03716264
    0.04639259
    0.04010287
    0.04366161
    0.05590139
    0.04298436
    0.05962714
    0.04570924
    0.03969124
    0.04264686
    0.04488906
    0.03567314
    0.03358748
    0.05324910
    0.06469409
    0.04702361
    0.05137721
    0.16480383
    0.07074903
    0.20062622
    0.08366037
    0.03891389
    0.04498052
    0.03955468
    0.04463665
    0.04341266
    0.04849227
    0.04584507
    0.06972258
    0.05636539
    0.05580073
    0.05622690
    0.03832801
    0.04305687
    0.01948735
    0.03946862
    0.01276640
    0.03977114
    0.04746309
    0.05082539
    0.04307768
    0.03771618
    0.04276908
    0.05288988
    0.07989164
    0.05077143
    0.04631735
    0.05831820
    0.07031234
    0.05496647
    0.08226963
    0.05433457
    0.04854563
    0.03442590
    0.05744523
    0.03612499
    0.04312747
    0.03100354
    0.04289727
    0.01779803
    0.08307083
    0.06298176
    0.04500431
    0.05055160
    0.05439984
    0.05669630
    0.02672804
    0.03817364
    0.03379930
