           1           2  0.99496810951504644     
           2           3  0.96282759204946533     
           3           4  0.99636246222920122     
           2           5  0.97632644550488679     
           5           6   1.4265107737874592     
           6           7   1.4432691744441550     
           5           8  0.11030759353820099     
           7           8   1.4162447232278415     
           8           9   1.4485118985178276     
           5          10   1.3572702488669957     
           7          10  0.11138558323827663     
           9          10   1.3951246402244282     
          10          11   1.0223404054336622     
          11          12   1.1549988555571926     
          12          13  0.99543524209930601     
          13          14   1.0057321402471804     
          11          15   1.5153645762862364     
          15          16   1.0194961452452913     
          16          17  0.96664594806160187     
          17          18  0.99903566537215971     
          17          19  0.99754926685160783     
          17          20  0.97608223280168072     
          20          21  0.92599633602585818     
          21          22   1.1717777978022406     
          22          23  0.93904928829517864     
          23          24  0.99064327746223768     
          24          25   1.0048896307240704     
          25          26   1.2678053260147952     
          26          27  0.93737303080334611     
          27          28  0.99505656548384636     
          28          29   1.2658740205922703     
          29          30  0.93367712914663115     
          30          31  0.96274343112472660     
          31          32   1.0071880587258095     
          31          33   1.0073307322520693     
          30          34  0.97035138239322172     
          34          35   1.2914708714921843     
          35          36  0.92605813602078446     
          36          37  0.98144340061322211     
          37          38  0.99503178005711279     
          38          39  0.99650951114397612     
          39          40   1.2149599441695049     
          40          41   1.0235650771466944     
          41          42   2.7563326006051452     
          42          43   1.0124113572342073     
          43          44  0.96219351522886765     
          44          45   1.0129807833439535     
          44          46   1.0152350568295314     
          43          47  0.97660930944437674     
          43          48  0.97592163297529388     
          39          49  0.19546884059514277     
          40          49   1.6381964421214810     
          39          50  0.99311116620217788     
          36          51  0.96942611514836330     
          50          51  0.99347628649645847     
          34          52  0.20172072418865802     
          35          52   1.6341156566215589     
          34          53  0.99210721118160783     
          28          54  0.19889360764912037     
          29          54   1.6769070526938521     
          27          55  0.96288229046907658     
          55          56  0.98386403865913885     
          56          57  0.97469846801121318     
          57          58  0.99499186974345699     
          58          59   1.0049091513869377     
          59          60  0.97986349585962351     
          56          61  0.96681250236236860     
          60          61  0.98532669896379121     
          25          62  0.20058272869655305     
          26          62   1.6333765609470241     
          25          63  0.97391195325551827     
          63          64  0.99815299237154242     
          23          65  0.98386185022851036     
          64          65   1.0069362322868594     
          21          66  0.18167747613752350     
          22          66   1.7385677807240785     
          15          67   1.2067040599931134     
          12          68   1.1628169307634380     
          67          68   1.2473382742419217     
          68          69   1.3291951889760412     
          69          70   1.5053944693307975     
          58          71   1.0235839150823987     
          70          71   1.3211620461371303     
          67          72   1.3249770766970619     
          69          72  0.10718089101659685     
          71          72   1.4593481790298060     
          36          73  0.90934730549054266     
           1          74  0.98339265966307110     
           1          75  0.98249660798766136     
           1          76  0.98540297908722385     
           2          77  0.95479745210660882     
           4          78  0.97608286323750237     
           4          79  0.97875622090514303     
           4          80  0.97632114037800055     
           7          81  0.96318084258393144     
           8          82  0.96943384093353302     
           9          83  0.96637452322613537     
          13          84  0.96819586780654565     
          13          85  0.97003525307188043     
          14          86  0.98472965252094791     
          14          87  0.98455907933046138     
          14          88  0.98521945469686933     
          16          89  0.95739101313652530     
          16          90  0.96993804413887719     
          18          91  0.98480226250486957     
          18          92  0.98563638678390386     
          18          93  0.98379664294981550     
          19          94  0.98460695331906112     
          19          95  0.97821708784173045     
          19          96  0.98273617588222306     
          20          97  0.95984502119888937     
          20          98  0.96524781569718276     
          23          99  0.93269946749181953     
          24         100  0.92976705290597605     
          27         101  0.94199542397163838     
          28         102  0.92117340476114185     
          30         103  0.94459450228787689     
          31         104  0.96243973676410988     
          32         105  0.98594330855698376     
          32         106  0.98488880348474583     
          32         107  0.98458789096380039     
          33         108  0.98518331295563799     
          33         109  0.98383547762163626     
          33         110  0.98312069520038314     
          37         111  0.97040991594271420     
          37         112  0.97251553377378941     
          38         113  0.96280225770101391     
          38         114  0.96499384065467830     
          45         115  0.98105662194341048     
          45         116  0.97989727830868556     
          45         117  0.97528696211699761     
          46         118  0.98082911230829195     
          46         119  0.97444817804107409     
          46         120  0.97941842464039996     
          47         121  0.98348481256929754     
          47         122  0.98274393818945405     
          47         123  0.98405015350230951     
          48         124  0.98342415715153586     
          48         125  0.98432034200841367     
          48         126  0.98306646400563014     
          50         127  0.96342109426387423     
          50         128  0.96607995040101147     
          51         129  0.97123577423955831     
          51         130  0.97339210488849481     
          53         131  0.97421937564784122     
          53         132  0.97461113873388339     
          53         133  0.97002706949857209     
          55         134  0.97074289485928200     
          55         135  0.96935627827045412     
          56         136  0.95665511890829424     
          57         137  0.96919004261335961     
          57         138  0.96949215802237021     
          59         139  0.97486231918774813     
          59         140  0.97052982440916058     
          60         141  0.97223654367189916     
          60         142  0.97156881961760899     
          63         143  0.96486960453554182     
          63         144  0.96720126776230941     
          64         145  0.97692154434258993     
          64         146  0.97390633229297219     
          65         147  0.97591513940962249     
          65         148  0.97351238557507180     
          69         149  0.96625399135592804     
          70         150  0.96888660898588164     
          72         151  0.96014794116122248     
