   -0.11791164
    0.11595999
   -0.31462507
    0.04467871
    0.08721569
   -0.21638575
    0.05679713
   -0.04321787
   -0.01695445
   -0.00107579
    0.01995130
   -0.04615272
    0.00633395
   -0.11030240
   -0.03708613
   -0.06845156
    0.02279506
   -0.11306689
   -0.11296640
    0.07590507
   -0.25106763
    0.35093574
    0.02850448
   -0.19645977
   -0.02204192
    0.24212738
    0.02820590
   -0.16823716
    0.27089518
    0.00349714
   -0.01184146
   -0.11044859
   -0.11130191
   -0.07958350
    0.25102735
    0.15581399
   -0.06410645
    0.00246709
   -0.09385291
    0.29027581
   -0.07326678
   -0.01465293
    0.10098436
   -0.17108767
   -0.02910812
   -0.03139327
   -0.10931711
   -0.10512848
   -0.43928491
    0.00024936
   -0.06852420
   -0.46685378
   -0.04828755
   -0.44407436
   -0.06870605
    0.11273825
    0.00871702
   -0.15751769
    0.00570480
    0.07790520
   -0.32394849
   -0.43622585
   -0.01065911
   -0.06179857
   -0.06458843
   -0.41087419
   -0.02500102
    0.02507172
   -0.05264423
   -0.05684061
    0.05267158
   -0.06271231
   -0.27062949
    0.04057637
    0.07024339
    0.04204300
    0.01429686
    0.02680914
    0.05705662
    0.03024584
    0.04289486
    0.03878679
    0.03953168
    0.04745437
    0.04176124
    0.05058450
    0.04492596
    0.04390551
    0.05736247
    0.04470769
    0.04721591
    0.03953128
    0.04319274
    0.03786663
    0.04697994
    0.03780226
    0.06014756
    0.04815019
    0.02792255
    0.19468527
    0.07074682
    0.20313248
    0.08045141
    0.05185149
    0.03613471
    0.04397837
    0.04149152
    0.04566228
    0.04742742
    0.03887558
    0.04901415
    0.06219583
    0.05052819
    0.08201982
    0.03659773
    0.00797313
    0.04019518
    0.04258165
    0.03800565
    0.01139155
    0.05520372
    0.04132272
    0.04850732
    0.03960060
    0.04037253
    0.03327895
    0.05329157
    0.05478167
    0.07284329
    0.06152229
    0.06010843
    0.06779557
    0.07677437
    0.06998725
    0.05149402
    0.02320400
    0.03163870
    0.02479202
    0.04331145
    0.03089411
    0.02284637
    0.05925776
    0.07970056
    0.06514603
    0.04136287
    0.04825232
    0.05790777
    0.04906728
    0.02414903
    0.02865835
    0.01882544
