           1           2  0.99911246143042598     
           2           3  0.96245639556997853     
           3           4  0.99736058925489579     
           2           5  0.97505705021603439     
           5           6   1.4305620081986645     
           6           7   1.4367754355744653     
           5           8  0.11108851770264218     
           7           8   1.4241183147034189     
           8           9   1.4410390940867039     
           5          10   1.3549913076041931     
           7          10  0.11285837631089413     
           9          10   1.4098495558855939     
          10          11   1.0148500389440498     
          11          12   1.1586168978951537     
          12          13  0.99574088630270596     
          13          14   1.0054285560367309     
          11          15   1.5221174329786320     
          15          16   1.0189105593474899     
          16          17  0.96554863790791279     
          17          18  0.99764053761019023     
          17          19  0.99818750641179932     
          17          20  0.98168871335502517     
          20          21  0.92610383434268961     
          21          22   1.1639658252576550     
          22          23  0.94295968383554751     
          23          24  0.99574904728627123     
          24          25   1.0068927978900173     
          25          26   1.2496275145255913     
          26          27  0.92143514534595328     
          27          28  0.98063416850846785     
          28          29   1.2886294174011461     
          29          30  0.92753564903120878     
          30          31  0.97929775556072762     
          31          32   1.0085731682474846     
          31          33   1.0055102540597125     
          30          34  0.95412334664404508     
          34          35   1.2934568290009483     
          35          36  0.93028585785974605     
          36          37  0.96819476979520436     
          37          38  0.99397660808996868     
          38          39  0.99256207145899622     
          39          40   1.2160718558619408     
          40          41   1.0222752452679134     
          41          42   2.7601344881556455     
          42          43   1.0195785107893360     
          43          44  0.97113103212193364     
          44          45   1.0181475148487231     
          44          46   1.0168243713303053     
          43          47  0.97312226977539051     
          43          48  0.96051959783072061     
          39          49  0.19646503125955256     
          40          49   1.6408098763793879     
          39          50  0.99680228948997907     
          36          51  0.98000093487431317     
          50          51  0.99572492046420213     
          34          52  0.19706645059929809     
          35          52   1.6236791664605927     
          34          53  0.99100950235467333     
          28          54  0.20182216796184446     
          29          54   1.6549287909392096     
          27          55  0.98917493036841608     
          55          56  0.99063546231029287     
          56          57  0.97911309422724868     
          57          58   1.0041276144691180     
          58          59  0.98832140996437057     
          59          60  0.99498120653189703     
          56          61  0.97506745607105971     
          60          61  0.98324171309550412     
          25          62  0.20174438062082903     
          26          62   1.6704554838309607     
          25          63  0.97477454228618254     
          63          64  0.99634121499635597     
          23          65  0.98603825404952328     
          64          65   1.0066819992601430     
          21          66  0.18026883568325597     
          22          66   1.7399474740324936     
          15          67   1.2089533750126424     
          12          68   1.1578122213713709     
          67          68   1.2461833527153978     
          68          69   1.3286780924031103     
          69          70   1.5092485127954105     
          58          71   1.0597866575090871     
          70          71   1.3060573752557756     
          67          72   1.3218285258067000     
          69          72  0.10354091916637177     
          71          72   1.4415682571923094     
          36          73  0.90501451438953140     
           1          74  0.98342408818006943     
           1          75  0.98275140918102855     
           1          76  0.98508702857026553     
           2          77  0.95305090099867507     
           4          78  0.97561546133530996     
           4          79  0.97852735776568034     
           4          80  0.97646986169841155     
           7          81  0.96317090696489238     
           8          82  0.96941893529389500     
           9          83  0.96624024720896018     
          13          84  0.96853542545857052     
          13          85  0.96974383560728306     
          14          86  0.98580219238559752     
          14          87  0.98507114490463521     
          14          88  0.98572713910545873     
          16          89  0.96577097428180447     
          16          90  0.96750889025308473     
          18          91  0.98424895185017758     
          18          92  0.98490761151319939     
          18          93  0.98507932143790777     
          19          94  0.98356500974236094     
          19          95  0.98171073925083352     
          19          96  0.98494545014622026     
          20          97  0.96264758006536988     
          20          98  0.96607259122038081     
          23          99  0.92815308433003185     
          24         100  0.90811292473959415     
          27         101  0.93955402393416221     
          28         102  0.91907608601311397     
          30         103  0.94593687737061749     
          31         104  0.95997378502854547     
          32         105  0.98547404602695676     
          32         106  0.98533966764718761     
          32         107  0.98612348923674553     
          33         108  0.98530387613272652     
          33         109  0.98469237205616511     
          33         110  0.98622078006602498     
          37         111  0.97303740784814408     
          37         112  0.97306298838765759     
          38         113  0.96586310978581669     
          38         114  0.96283473665574859     
          45         115  0.97658286976386066     
          45         116  0.97188059697403095     
          45         117  0.98079072400688927     
          46         118  0.97938416584577337     
          46         119  0.98022750822763971     
          46         120  0.97279192820320681     
          47         121  0.98489451593299204     
          47         122  0.98016664169209200     
          47         123  0.98391137876926260     
          48         124  0.98553123553043132     
          48         125  0.98145690987297862     
          48         126  0.98511653167108582     
          50         127  0.96479274204815590     
          50         128  0.96157937743410637     
          51         129  0.96956800019536760     
          51         130  0.96975343971650951     
          53         131  0.97614338229845010     
          53         132  0.97274966821729225     
          53         133  0.97341972805650911     
          55         134  0.96801547485073014     
          55         135  0.97140767450186083     
          56         136  0.95604298315463898     
          57         137  0.97158765565150484     
          57         138  0.95361483762360777     
          59         139  0.96962285356260514     
          59         140  0.96389910470505058     
          60         141  0.96567084649650503     
          60         142  0.96532979813431541     
          63         143  0.96621645067155937     
          63         144  0.96968672665900102     
          64         145  0.97757357402019873     
          64         146  0.97474342778653700     
          65         147  0.97563276299059276     
          65         148  0.97374679952830001     
          69         149  0.96643242602246038     
          70         150  0.96729320739333524     
          72         151  0.96239454230630539     
