   -0.11865279
    0.10994456
   -0.31731229
    0.04397479
    0.08618413
   -0.23736747
    0.05722704
   -0.04370224
   -0.01471711
    0.00719867
    0.02643349
   -0.02539012
   -0.00275260
   -0.10942134
   -0.03981715
   -0.07236157
    0.02274840
   -0.11218935
   -0.10671673
    0.06499919
   -0.25787566
    0.35283091
    0.02681204
   -0.19576892
   -0.02322034
    0.24175938
    0.02610707
   -0.16448460
    0.27175514
    0.00937179
   -0.01454424
   -0.11278403
   -0.11086886
   -0.07255514
    0.24822088
    0.15237779
   -0.06978058
    0.00128246
   -0.09024537
    0.29070964
   -0.07431669
   -0.01461844
    0.10103460
   -0.17033120
   -0.03144028
   -0.03058554
   -0.10666494
   -0.10630423
   -0.45383829
   -0.00101754
   -0.06412223
   -0.46490818
   -0.05812774
   -0.46142819
   -0.07258857
    0.11061119
    0.01025382
   -0.16768904
    0.00079316
    0.07883540
   -0.31973865
   -0.43787021
   -0.01007167
   -0.06267480
   -0.06632819
   -0.40328260
   -0.02871915
    0.03337077
   -0.04736991
   -0.05985846
    0.04656281
   -0.07350236
   -0.27156073
    0.03907382
    0.03923059
    0.07586582
    0.03780419
    0.02972263
    0.05296314
    0.02728556
    0.03858121
    0.03634731
    0.03554514
    0.04445827
    0.07748576
    0.04198779
    0.04720423
    0.03683377
    0.04411841
    0.05739376
    0.03472025
    0.04243059
    0.04192667
    0.03795126
    0.04621148
    0.03962671
    0.05764773
    0.06480643
    0.02637418
    0.18811576
    0.06359446
    0.20470638
    0.07876023
    0.04767316
    0.04109667
    0.04175705
    0.04983790
    0.04235764
    0.04329362
    0.04388637
    0.05950553
    0.05723887
    0.09383387
    0.04856576
    0.03854234
    0.01123863
    0.04162842
    0.03884190
    0.04191086
    0.01038522
    0.04001901
    0.03506684
    0.03589508
    0.05487024
    0.04357572
    0.04288732
    0.05562988
    0.05576232
    0.06074718
    0.06559036
    0.07516363
    0.07986520
    0.06088872
    0.08157096
    0.04617974
    0.02392071
    0.03520752
    0.02545869
    0.03359274
    0.04862523
    0.02368238
    0.05231732
    0.07872876
    0.06487284
    0.04237420
    0.04933040
    0.06310520
    0.05612958
    0.02984163
    0.02134232
    0.02747814
