           1           2  0.98207656841623037     
           2           3  0.96367074680136189     
           3           4  0.99982931745210857     
           2           5  0.98263009690121583     
           5           6   1.4143378212068940     
           6           7   1.4426858099575464     
           5           8  0.10800852074812196     
           7           8   1.4171644703765172     
           8           9   1.4492722987077460     
           5          10   1.3624016312159370     
           7          10  0.11149197620699648     
           9          10   1.3958569359913600     
          10          11   1.0185923340553913     
          11          12   1.1704830005487690     
          12          13  0.99274503585107554     
          13          14   1.0061323627758392     
          11          15   1.5106012061529954     
          15          16   1.0179027457889838     
          16          17  0.96847620114991284     
          17          18  0.99716981045601938     
          17          19  0.99880624724528300     
          17          20  0.97044629433920515     
          20          21  0.92630077599242211     
          21          22   1.1596573235400602     
          22          23  0.94032091002975604     
          23          24  0.98832466988900947     
          24          25   1.0052432162979330     
          25          26   1.2551167714446303     
          26          27  0.92040854506373082     
          27          28  0.97450229808794042     
          28          29   1.2962094994662383     
          29          30  0.93512031805925266     
          30          31  0.96611598718144409     
          31          32   1.0068718683852731     
          31          33   1.0071184386387648     
          30          34  0.96488967374670165     
          34          35   1.2935405830505711     
          35          36  0.92623615853946051     
          36          37  0.97405203741952273     
          37          38  0.99328825023542600     
          38          39  0.98903848063944877     
          39          40   1.2326437096796456     
          40          41   1.0255566874364899     
          41          42   2.7565247401354296     
          42          43   1.0190225972109386     
          43          44  0.97286402388217785     
          44          45   1.0171613931343753     
          44          46   1.0163237848273483     
          43          47  0.96361745020578116     
          43          48  0.96977999474096488     
          39          49  0.19379037012060246     
          40          49   1.6159172288915868     
          39          50  0.99556088266985232     
          36          51  0.98323057788758883     
          50          51  0.99659606483962182     
          34          52  0.20161740097889710     
          35          52   1.6247573690604480     
          34          53  0.99468271241522133     
          28          54  0.19851481892503131     
          29          54   1.6327441588646374     
          27          55  0.99204789632357981     
          55          56  0.98660147587680058     
          56          57  0.98297346287724108     
          57          58   1.0027660634739677     
          58          59  0.98481954927841797     
          59          60  0.99493088288376064     
          56          61  0.97489004138910851     
          60          61  0.98395073281728729     
          25          62  0.20332758040520016     
          26          62   1.6650668337335903     
          25          63  0.97337696390610839     
          63          64  0.99628326494942732     
          23          65  0.99094208836543718     
          64          65   1.0083490323532160     
          21          66  0.18008832951549605     
          22          66   1.7493546354232066     
          15          67   1.2137209674511424     
          12          68   1.1718586788213932     
          67          68   1.2418774920357567     
          68          69   1.3260570257582476     
          69          70   1.5091774179851549     
          58          71   1.0491377092366176     
          70          71   1.3093398029022523     
          67          72   1.3160481921338156     
          69          72  0.10346878809447156     
          71          72   1.4402709520965951     
          36          73  0.90046612888985422     
           1          74  0.98511223701127415     
           1          75  0.98288343279071855     
           1          76  0.97378252412000543     
           2          77  0.95740703106485214     
           4          78  0.97537711578254682     
           4          79  0.97817088656727391     
           4          80  0.97614997242371471     
           7          81  0.96336409074541007     
           8          82  0.96934275908242040     
           9          83  0.96508877482985989     
          13          84  0.96960247834515723     
          13          85  0.95978159986792255     
          14          86  0.98550724270316314     
          14          87  0.98528237083082315     
          14          88  0.98518018725739642     
          16          89  0.96802525843451392     
          16          90  0.96319073115330278     
          18          91  0.98221532772033848     
          18          92  0.98435361127607934     
          18          93  0.98402259195675801     
          19          94  0.98529794346318134     
          19          95  0.98338934837460201     
          19          96  0.98507468993979919     
          20          97  0.96596339984642587     
          20          98  0.96206388195762249     
          23          99  0.93512153676416154     
          24         100  0.90906522870576900     
          27         101  0.94429353189324183     
          28         102  0.92405918288699018     
          30         103  0.94839104871752333     
          31         104  0.96438152567266522     
          32         105  0.98425664242895616     
          32         106  0.98555291777736387     
          32         107  0.98433458247981265     
          33         108  0.98308641606777036     
          33         109  0.98511852535705635     
          33         110  0.98559044700167842     
          37         111  0.96269073530404292     
          37         112  0.96618399566230662     
          38         113  0.95793513630193683     
          38         114  0.96470024319566605     
          45         115  0.98032946938822552     
          45         116  0.97224852239355475     
          45         117  0.97964057920398739     
          46         118  0.98097179909833920     
          46         119  0.97695466647472584     
          46         120  0.97264788192569795     
          47         121  0.98200222452116948     
          47         122  0.98532509712822447     
          47         123  0.98588199242207497     
          48         124  0.98492399915847928     
          48         125  0.97979132036266992     
          48         126  0.98411726435189062     
          50         127  0.96360271620995142     
          50         128  0.96374291181891203     
          51         129  0.97209983975777758     
          51         130  0.96942133295029398     
          53         131  0.97169469404302811     
          53         132  0.96550038629835089     
          53         133  0.97063780886413520     
          55         134  0.96691316820125905     
          55         135  0.97449868447765187     
          56         136  0.95694038127675562     
          57         137  0.96983229597357901     
          57         138  0.95629655455240847     
          59         139  0.97105362666013306     
          59         140  0.95262060727953557     
          60         141  0.96608411543192685     
          60         142  0.97006996669187429     
          63         143  0.96614643841834669     
          63         144  0.96957048689843850     
          64         145  0.97724428114483419     
          64         146  0.97437305872691227     
          65         147  0.97423743618504688     
          65         148  0.97340889745395054     
          69         149  0.96632495160505538     
          70         150  0.96783232648748263     
          72         151  0.95941632522093312     
