   -0.11563664
    0.11613106
   -0.31400266
    0.04331007
    0.08740277
   -0.21277982
    0.05669344
   -0.04320335
   -0.01871300
   -0.00269595
    0.01862753
   -0.04525373
    0.00353409
   -0.10981187
   -0.03863112
   -0.07058330
    0.02307390
   -0.11351944
   -0.11279377
    0.07550500
   -0.24984806
    0.35125537
    0.02863593
   -0.19710770
   -0.02222702
    0.24204494
    0.02759960
   -0.16839035
    0.27095068
    0.00358986
   -0.01191185
   -0.11035661
   -0.11127994
   -0.07955401
    0.25103889
    0.15601997
   -0.06406061
    0.00244844
   -0.09421987
    0.29023762
   -0.07285225
   -0.01470668
    0.10093482
   -0.17073248
   -0.02951935
   -0.03138536
   -0.10516814
   -0.10931882
   -0.43864535
   -0.00017961
   -0.06843682
   -0.46761319
   -0.04852970
   -0.44429048
   -0.06883629
    0.11278606
    0.00773893
   -0.15590981
    0.00519154
    0.07831635
   -0.32412914
   -0.43618157
   -0.01056426
   -0.06178886
   -0.06482752
   -0.41208330
   -0.02433349
    0.02582872
   -0.05203814
   -0.05639480
    0.05338517
   -0.06213381
   -0.27053312
    0.03529081
    0.04091752
    0.07044576
    0.01442782
    0.02635367
    0.05696538
    0.03228787
    0.04254156
    0.03823445
    0.03744566
    0.04548209
    0.05035254
    0.04936444
    0.04110055
    0.04521241
    0.06129029
    0.04193562
    0.04704762
    0.03948107
    0.04528202
    0.03745917
    0.04638732
    0.03814410
    0.06037548
    0.04817831
    0.02775946
    0.19481369
    0.07156695
    0.20298070
    0.08054823
    0.05199883
    0.03616398
    0.04401918
    0.04135012
    0.04567973
    0.04731646
    0.03886710
    0.04919434
    0.06277976
    0.05043616
    0.08206219
    0.04056573
    0.03797590
    0.00739377
    0.04232304
    0.03819519
    0.01144647
    0.03896345
    0.04052145
    0.03270833
    0.05571026
    0.04116701
    0.04775312
    0.05330100
    0.05544274
    0.07232172
    0.06122428
    0.06017336
    0.06813473
    0.07697460
    0.06997432
    0.05187196
    0.02297371
    0.03179567
    0.02736230
    0.04369280
    0.03192399
    0.02304649
    0.05816203
    0.07959525
    0.06511650
    0.04129826
    0.04813944
    0.05822668
    0.04879187
    0.02428224
    0.02885934
    0.01848282
