           1           2  0.99439314253635569     
           2           3  0.96325918949043232     
           3           4  0.99637650875160721     
           2           5  0.97610403663996936     
           5           6   1.4251936570314194     
           6           7   1.4438060674505424     
           5           8  0.10990552342502538     
           7           8   1.4157072101163422     
           8           9   1.4498085201673410     
           5          10   1.3595421149994171     
           7          10  0.11062822461760202     
           9          10   1.3945310104613271     
          10          11   1.0260742141758430     
          11          12   1.1568950818217223     
          12          13  0.99565713639903985     
          13          14   1.0047465682265235     
          11          15   1.5127941197301416     
          15          16   1.0198045285360464     
          16          17  0.96452972637103918     
          17          18  0.99770641302648100     
          17          19  0.99825652864052816     
          17          20  0.98148296195529539     
          20          21  0.92599956634647529     
          21          22   1.1659721809269286     
          22          23  0.94246979687869470     
          23          24  0.99485762045886961     
          24          25   1.0067470189520700     
          25          26   1.2496600523298800     
          26          27  0.92133387204696271     
          27          28  0.98058077152632239     
          28          29   1.2886535143004707     
          29          30  0.92806635043156693     
          30          31  0.97917187339966016     
          31          32   1.0085659970173713     
          31          33   1.0055939150846760     
          30          34  0.95414236902213734     
          34          35   1.2935977820322084     
          35          36  0.93084901660892261     
          36          37  0.96772149055324674     
          37          38  0.99409835964920990     
          38          39  0.99254449641447362     
          39          40   1.2151216725565313     
          40          41   1.0222374927623319     
          41          42   2.7610612813701043     
          42          43   1.0194012281852642     
          43          44  0.97109861765411876     
          44          45   1.0180148807279383     
          44          46   1.0168203426317812     
          43          47  0.96076557033044729     
          43          48  0.97333673334177584     
          39          49  0.19683820864020565     
          40          49   1.6421932827748562     
          39          50  0.99675482900317225     
          36          51  0.97961254429843092     
          50          51  0.99570342818505886     
          34          52  0.19665899526725231     
          35          52   1.6227316945778063     
          34          53  0.99063058609224153     
          28          54  0.20154394646211227     
          29          54   1.6539372890968254     
          27          55  0.98915627094279945     
          55          56  0.99066560494494171     
          56          57  0.97933024561762627     
          57          58   1.0036256843994733     
          58          59  0.98834466602358073     
          59          60  0.99502459612578775     
          56          61  0.97475392457891430     
          60          61  0.98335120255915198     
          25          62  0.20174153289597474     
          26          62   1.6705139976842707     
          25          63  0.97481374290398426     
          63          64  0.99633688918991270     
          23          65  0.98722261298226743     
          64          65   1.0066318874257631     
          21          66  0.18061230986579749     
          22          66   1.7377789111329025     
          15          67   1.2110839195340020     
          12          68   1.1580267535839959     
          67          68   1.2461863777325934     
          68          69   1.3280806191112711     
          69          70   1.5106696170897986     
          58          71   1.0628004390658154     
          70          71   1.3040559912070171     
          67          72   1.3209109638266801     
          69          72  0.10350327956044024     
          71          72   1.4410133277052215     
          36          73  0.90548489169579327     
           1          74  0.98436356921046775     
           1          75  0.98345975397423102     
           1          76  0.98233229617535311     
           2          77  0.95449072123376277     
           4          78  0.97593491727801318     
           4          79  0.97870469056312803     
           4          80  0.97655832971609069     
           7          81  0.96316516034839172     
           8          82  0.96938397882007621     
           9          83  0.96801265672570136     
          13          84  0.96779288189110524     
          13          85  0.96869070671780855     
          14          86  0.98638072672947019     
          14          87  0.98558606503653379     
          14          88  0.98498582525650424     
          16          89  0.96227257962061008     
          16          90  0.96822923244350545     
          18          91  0.98426842183222440     
          18          92  0.98485287321186676     
          18          93  0.98482384400742973     
          19          94  0.98384711958917537     
          19          95  0.98236907410855778     
          19          96  0.98491755657021351     
          20          97  0.96300909295310766     
          20          98  0.96584828333159400     
          23          99  0.92819511749910144     
          24         100  0.90736492117115231     
          27         101  0.93900305831035080     
          28         102  0.91917692127963102     
          30         103  0.94579944282528094     
          31         104  0.96026676839014868     
          32         105  0.98541896904716209     
          32         106  0.98534807280637837     
          32         107  0.98613932303056917     
          33         108  0.98532524304023983     
          33         109  0.98470099734242744     
          33         110  0.98622089495419585     
          37         111  0.97314807287440963     
          37         112  0.97297074936655703     
          38         113  0.96582088154432100     
          38         114  0.96279462112290926     
          45         115  0.98079500741584746     
          45         116  0.97698186010467480     
          45         117  0.97191091497434334     
          46         118  0.97941445636856261     
          46         119  0.98017979505435870     
          46         120  0.97283809243285357     
          47         121  0.98561400702152868     
          47         122  0.98153080143882609     
          47         123  0.98518576341303943     
          48         124  0.98485629844034006     
          48         125  0.98019107908195346     
          48         126  0.98404044494150200     
          50         127  0.96485086626745342     
          50         128  0.96212057366017556     
          51         129  0.96960891021950646     
          51         130  0.96979776586091659     
          53         131  0.97602327110312115     
          53         132  0.97270082292796323     
          53         133  0.97360749160659377     
          55         134  0.96799014292420660     
          55         135  0.97140825099296413     
          56         136  0.95600675201980734     
          57         137  0.97142234557233131     
          57         138  0.95309408172745969     
          59         139  0.96937224576240733     
          59         140  0.96389469839399122     
          60         141  0.96564965947078285     
          60         142  0.96543195221253519     
          63         143  0.96624564502074040     
          63         144  0.96968924351955121     
          64         145  0.97759602108558319     
          64         146  0.97480055896665285     
          65         147  0.97554814657032296     
          65         148  0.97375715889443271     
          69         149  0.96610328222340058     
          70         150  0.96707932386900164     
          72         151  0.96242309230282441     
