   -0.11799675
    0.11643743
   -0.31584425
    0.04533123
    0.08743648
   -0.22050662
    0.05635953
   -0.04341659
   -0.01769330
    0.00157116
    0.02125631
   -0.04539462
    0.00770989
   -0.11060142
   -0.03448153
   -0.07436307
    0.02121282
   -0.10947508
   -0.11501280
    0.06870867
   -0.24879068
    0.35374005
    0.02057330
   -0.18294460
   -0.02118450
    0.24171046
    0.02153085
   -0.16512262
    0.27500297
    0.00900657
   -0.01524635
   -0.11099629
   -0.11371544
   -0.07600481
    0.24965631
    0.15334157
   -0.07224138
   -0.00181004
   -0.09639984
    0.28908973
   -0.07450340
   -0.02840913
    0.10273397
   -0.17391927
   -0.03278790
   -0.03375425
   -0.10903905
   -0.10870625
   -0.44667577
    0.00419239
   -0.06609277
   -0.46955968
   -0.05778918
   -0.44594640
   -0.07392416
    0.11026542
    0.00167121
   -0.17866383
    0.00101060
    0.08070311
   -0.33009442
   -0.44849062
   -0.01070520
   -0.06228940
   -0.06350963
   -0.41038531
   -0.02240565
    0.03190236
   -0.05105241
   -0.05327388
    0.05262793
   -0.05711827
   -0.26635490
    0.06617857
    0.04849843
    0.03992633
    0.01716012
    0.05650409
    0.02916654
    0.02758417
    0.04221688
    0.03848876
    0.03815877
    0.04700145
    0.03785250
    0.04412438
    0.05706377
    0.04277543
    0.06000706
    0.04806552
    0.03998437
    0.04145627
    0.04661673
    0.03437787
    0.03664636
    0.04759266
    0.06567847
    0.04531267
    0.04644194
    0.16461886
    0.07233006
    0.19499310
    0.07210045
    0.04970134
    0.04337328
    0.03917480
    0.04367721
    0.04199137
    0.04924461
    0.04371069
    0.06402106
    0.07810564
    0.05606828
    0.05786946
    0.03921420
    0.03859439
    0.01787642
    0.03828769
    0.03995617
    0.02131930
    0.04149815
    0.03969766
    0.05327280
    0.05312740
    0.04096460
    0.04466050
    0.07884829
    0.05043745
    0.04885199
    0.05500950
    0.05599987
    0.07745172
    0.08397663
    0.05769368
    0.04658784
    0.02843735
    0.04793377
    0.05469398
    0.04086733
    0.02958026
    0.04342931
    0.02167892
    0.08288053
    0.06356037
    0.04463156
    0.05033057
    0.05455306
    0.05553573
    0.02651769
    0.04024945
    0.03584450
