           1           2   1.0005989952995371     
           2           3  0.96316488976839298     
           3           4  0.99741111440416430     
           2           5  0.97622782530031216     
           5           6   1.4308321306016194     
           6           7   1.4337171569611120     
           5           8  0.11058080564087572     
           7           8   1.4268350151328257     
           8           9   1.4366017103876327     
           5          10   1.3524177022319728     
           7          10  0.11368909534917369     
           9          10   1.4099172732389478     
          10          11   1.0129358818677241     
          11          12   1.1537204059609987     
          12          13  0.99536778295258288     
          13          14   1.0049588331595940     
          11          15   1.5268951979947383     
          15          16   1.0193028479343242     
          16          17  0.96625068181953666     
          17          18  0.99932310400860846     
          17          19  0.99831160080558323     
          17          20  0.97625596274769499     
          20          21  0.92667549520876447     
          21          22   1.1683865196714605     
          22          23  0.94105335108047861     
          23          24  0.99328330155530720     
          24          25   1.0051512288757631     
          25          26   1.2579152583454722     
          26          27  0.93590264135626455     
          27          28  0.99362681270830544     
          28          29   1.2738696061725883     
          29          30  0.92844868976954831     
          30          31  0.97347586802970676     
          31          32   1.0071325847367121     
          31          33   1.0059878277973024     
          30          34  0.96043075178779369     
          34          35   1.2895330751533076     
          35          36  0.92537255629712423     
          36          37  0.98333169267062559     
          37          38  0.99456305371249398     
          38          39  0.99479149737618144     
          39          40   1.2156797735234832     
          40          41   1.0251823706448158     
          41          42   2.7567115329580418     
          42          43   1.0129677211592771     
          43          44  0.96650993055451262     
          44          45   1.0137190720002835     
          44          46   1.0129174877993590     
          43          47  0.97455879750878727     
          43          48  0.97345685332540466     
          39          49  0.19429737249985751     
          40          49   1.6360478294128340     
          39          50  0.99355518954214328     
          36          51  0.97149476482271957     
          50          51  0.99236125287182331     
          34          52  0.19935215522018429     
          35          52   1.6297579499972368     
          34          53  0.99397007132529935     
          28          54  0.19844659850086491     
          29          54   1.6695243281118861     
          27          55  0.96408283036255793     
          55          56  0.98385957241039868     
          56          57  0.97623873475741729     
          57          58  0.99078213670867998     
          58          59   1.0023545899904327     
          59          60  0.98231394167388952     
          56          61  0.96701640251771159     
          60          61  0.98570225301269865     
          25          62  0.20128498530429467     
          26          62   1.6460208463305941     
          25          63  0.97467231127898746     
          63          64  0.99766083447882248     
          23          65  0.97984652120303872     
          64          65   1.0069519508098492     
          21          66  0.18162424815149095     
          22          66   1.7400315190639664     
          15          67   1.2028594421134193     
          12          68   1.1616076234129995     
          67          68   1.2457747012272515     
          68          69   1.3325936884027276     
          69          70   1.5006295145941024     
          58          71   1.0144895351531633     
          70          71   1.3273667485143683     
          67          72   1.3279372127812017     
          69          72  0.10764766699133241     
          71          72   1.4601533672409059     
          36          73  0.90561262413759025     
           1          74  0.98369732967155687     
           1          75  0.98420101846368990     
           1          76  0.98369015883169486     
           2          77  0.94928482094126376     
           4          78  0.97848731269968137     
           4          79  0.97674848629145228     
           4          80  0.97553368608603952     
           7          81  0.96323347343356613     
           8          82  0.96945130818891145     
           9          83  0.96617443060814523     
          13          84  0.96893808875525611     
          13          85  0.96956330258981505     
          14          86  0.98581075497420967     
          14          87  0.98514524276067816     
          14          88  0.98518425121801001     
          16          89  0.95890583848587263     
          16          90  0.97002985052961854     
          18          91  0.98490447752739574     
          18          92  0.98552770225001518     
          18          93  0.98362438222403159     
          19          94  0.98453754155337703     
          19          95  0.97802353092469962     
          19          96  0.98355055572954553     
          20          97  0.95682062176138460     
          20          98  0.96530886853818387     
          23          99  0.93274082820627169     
          24         100  0.93036848502948089     
          27         101  0.94055432135282369     
          28         102  0.92786066946869616     
          30         103  0.95179823253066820     
          31         104  0.96359305840101905     
          32         105  0.98552980611643992     
          32         106  0.98305101531328032     
          32         107  0.98543098356790659     
          33         108  0.98528026510076261     
          33         109  0.98456726288525320     
          33         110  0.98407350826203832     
          37         111  0.97117228820768386     
          37         112  0.96274352560879961     
          38         113  0.96347385185151535     
          38         114  0.96555570788737488     
          45         115  0.97994316333592724     
          45         116  0.98115073636060546     
          45         117  0.97488861921562842     
          46         118  0.98117868530181751     
          46         119  0.98001497534757487     
          46         120  0.97491915577361110     
          47         121  0.98381693467378717     
          47         122  0.98449239073875250     
          47         123  0.98273505453811827     
          48         124  0.98238442317391050     
          48         125  0.98441311396352849     
          48         126  0.98365692969119323     
          50         127  0.96402343474019081     
          50         128  0.96703508113958847     
          51         129  0.97105682762374990     
          51         130  0.97345706222722295     
          53         131  0.97239088459611067     
          53         132  0.97201994789061763     
          53         133  0.96546416010145042     
          55         134  0.96978157133466558     
          55         135  0.96792562091226042     
          56         136  0.95770217107412214     
          57         137  0.96933233739425195     
          57         138  0.96238493707301720     
          59         139  0.97497228816999104     
          59         140  0.97014402892760121     
          60         141  0.97174643877427647     
          60         142  0.97086229920857958     
          63         143  0.96495658013837859     
          63         144  0.96764071775998917     
          64         145  0.97698719548952928     
          64         146  0.97385954547803788     
          65         147  0.97601252874560118     
          65         148  0.97377216624679586     
          69         149  0.96636523804647578     
          70         150  0.96858194505170048     
          72         151  0.95958315701990327     
