   -0.11783445
    0.11591343
   -0.31459497
    0.04453529
    0.08720487
   -0.21602064
    0.05682173
   -0.04325184
   -0.01681745
   -0.00130705
    0.01967411
   -0.04601294
    0.00630888
   -0.11028985
   -0.03755227
   -0.06877502
    0.02279766
   -0.11292279
   -0.11301675
    0.07600617
   -0.25134148
    0.35079419
    0.02846356
   -0.19748910
   -0.02154416
    0.24200462
    0.02791871
   -0.16569662
    0.27082740
    0.00352843
   -0.01216175
   -0.11001535
   -0.11120792
   -0.08013719
    0.25119936
    0.15503214
   -0.06402071
    0.00257929
   -0.09445000
    0.29019458
   -0.07314460
   -0.01426571
    0.10090461
   -0.17088477
   -0.02958518
   -0.03127002
   -0.10942481
   -0.10507539
   -0.43895790
   -0.00053617
   -0.06756350
   -0.46354033
   -0.04815161
   -0.44429127
   -0.06833799
    0.11252947
    0.00863965
   -0.15676283
    0.00573961
    0.07741218
   -0.32260021
   -0.43663062
   -0.01066414
   -0.06178970
   -0.06450531
   -0.41041259
   -0.02495938
    0.02500719
   -0.05260101
   -0.05687300
    0.05271695
   -0.06297848
   -0.27051871
    0.04059725
    0.07049118
    0.04140879
    0.01422246
    0.02689191
    0.05712024
    0.03037026
    0.04284585
    0.03874847
    0.03941917
    0.04747344
    0.04179256
    0.05057259
    0.04486665
    0.04390111
    0.05772099
    0.04453890
    0.03784149
    0.04685160
    0.03776889
    0.04710888
    0.03946643
    0.04331293
    0.06007365
    0.04809522
    0.02776762
    0.19613717
    0.07071744
    0.20127202
    0.08019062
    0.05229605
    0.03513699
    0.04424060
    0.04149182
    0.04577335
    0.04679379
    0.03906410
    0.04887556
    0.06058657
    0.05061233
    0.08203029
    0.04082297
    0.03838392
    0.00711858
    0.04191978
    0.03812649
    0.01191596
    0.05575896
    0.04111713
    0.04768663
    0.03908610
    0.04095381
    0.03283162
    0.05342150
    0.05609713
    0.07274069
    0.05979144
    0.05832345
    0.06803536
    0.07784618
    0.07003231
    0.05093577
    0.02372886
    0.03174519
    0.02466181
    0.04345818
    0.03004818
    0.02316457
    0.05935097
    0.07953967
    0.06514538
    0.04110994
    0.04830093
    0.05791007
    0.04900683
    0.02406251
    0.02850402
    0.01886134
