           1           2  0.99877808897138476     
           2           3  0.96233126012929437     
           3           4  0.99727624725570974     
           2           5  0.97505552852669997     
           5           6   1.4298630995851067     
           6           7   1.4376633110107717     
           5           8  0.11102168047862733     
           7           8   1.4232810761892785     
           8           9   1.4418809280240803     
           5          10   1.3558903447777333     
           7          10  0.11272781092979506     
           9          10   1.4086196019434412     
          10          11   1.0150732466316832     
          11          12   1.1590693813924811     
          12          13  0.99576402339427861     
          13          14   1.0054381378353550     
          11          15   1.5214433320511302     
          15          16   1.0188733685390825     
          16          17  0.96558786516298500     
          17          18  0.99813414714450643     
          17          19  0.99763648009540151     
          17          20  0.98179740195475518     
          20          21  0.92615183134183598     
          21          22   1.1635333973048856     
          22          23  0.94314360860381297     
          23          24  0.99595707689418478     
          24          25   1.0070697708448582     
          25          26   1.2507170654573776     
          26          27  0.92102620870886798     
          27          28  0.98051064687872413     
          28          29   1.2895474282308330     
          29          30  0.92878357681565649     
          30          31  0.97785093930851785     
          31          32   1.0086978154895541     
          31          33   1.0057692871927051     
          30          34  0.95535365281331264     
          34          35   1.2905247375071736     
          35          36  0.92792609188539266     
          36          37  0.96829152109960803     
          37          38  0.99373622380803406     
          38          39  0.99280086651076305     
          39          40   1.2146556566084499     
          40          41   1.0229148418321377     
          41          42   2.7601279898273088     
          42          43   1.0200870431478528     
          43          44  0.97079731562171945     
          44          45   1.0180296166614189     
          44          46   1.0167419427791782     
          43          47  0.97299178233168837     
          43          48  0.96065721011277649     
          39          49  0.19649731155475850     
          40          49   1.6417545325756300     
          39          50  0.99681222522163271     
          36          51  0.98208339531341959     
          50          51  0.99543379976370194     
          34          52  0.19817205847955466     
          35          52   1.6301422262955516     
          34          53  0.99117911914276979     
          28          54  0.20174098599260473     
          29          54   1.6527514173350810     
          27          55  0.98941662776903760     
          55          56  0.99047794974141856     
          56          57  0.97900170773798645     
          57          58   1.0041121562134498     
          58          59  0.98839249042797039     
          59          60  0.99487457386100064     
          56          61  0.97582659442267439     
          60          61  0.98391941443044961     
          25          62  0.20203101447454808     
          26          62   1.6697285707489256     
          25          63  0.97480602072760492     
          63          64  0.99619146163955996     
          23          65  0.98579234207114474     
          64          65   1.0066363846743203     
          21          66  0.18017954368852576     
          22          66   1.7405461583167738     
          15          67   1.2090352614938169     
          12          68   1.1575509420004741     
          67          68   1.2463749836115934     
          68          69   1.3285948930165454     
          69          70   1.5094651549524072     
          58          71   1.0612003951819673     
          70          71   1.3055539460185188     
          67          72   1.3217619052967333     
          69          72  0.10353141539140442     
          71          72   1.4408012245929172     
          36          73  0.90459745641671085     
           1          74  0.98346743830727124     
           1          75  0.98267045379044216     
           1          76  0.98515262157202943     
           2          77  0.95344191770635689     
           4          78  0.97566127074906062     
           4          79  0.97854431609306580     
           4          80  0.97650485880100568     
           7          81  0.96316216429988999     
           8          82  0.96941140055098374     
           9          83  0.96619922283363691     
          13          84  0.96850240761555884     
          13          85  0.96981762522023185     
          14          86  0.98579877616243139     
          14          87  0.98507557487068165     
          14          88  0.98562422513633718     
          16          89  0.96538978576760814     
          16          90  0.96764880433252154     
          18          91  0.98353218981542279     
          18          92  0.98167901166591753     
          18          93  0.98492503129916753     
          19          94  0.98425887754485886     
          19          95  0.98492339480770630     
          19          96  0.98506305327634935     
          20          97  0.96269421722429982     
          20          98  0.96610640231509337     
          23          99  0.92823198431820708     
          24         100  0.90585973030806333     
          27         101  0.93932011413400651     
          28         102  0.92222663608818589     
          30         103  0.94605380678195050     
          31         104  0.96039187004979398     
          32         105  0.98544076556022087     
          32         106  0.98528105813218758     
          32         107  0.98611762299572181     
          33         108  0.98528421266755295     
          33         109  0.98468715881197055     
          33         110  0.98621363942076390     
          37         111  0.97231685873012996     
          37         112  0.97314246736822629     
          38         113  0.96585717803328508     
          38         114  0.96276489782014929     
          45         115  0.98082178107483720     
          45         116  0.97704117777250066     
          45         117  0.97191334252046402     
          46         118  0.97938464395167124     
          46         119  0.98014738817794267     
          46         120  0.97307550086068550     
          47         121  0.98493451910061924     
          47         122  0.97997729744897122     
          47         123  0.98412417686464515     
          48         124  0.98556325065300976     
          48         125  0.98154853367512807     
          48         126  0.98511576447772764     
          50         127  0.96491697494590145     
          50         128  0.96238103335681691     
          51         129  0.96959916212536534     
          51         130  0.97098827742607341     
          53         131  0.97567462904060531     
          53         132  0.97296149973670842     
          53         133  0.97368522576193262     
          55         134  0.96810017495397149     
          55         135  0.97144415987583432     
          56         136  0.95587044779381247     
          57         137  0.97149678940291651     
          57         138  0.95371559328210476     
          59         139  0.96946984976880146     
          59         140  0.96402891159600035     
          60         141  0.96585195753015041     
          60         142  0.96539877799651608     
          63         143  0.96628481669248711     
          63         144  0.96966445379452515     
          64         145  0.97765159323718409     
          64         146  0.97474373755563581     
          65         147  0.97567397011285628     
          65         148  0.97379881348977104     
          69         149  0.96643481506641737     
          70         150  0.96710754545552868     
          72         151  0.96243669587221881     
