   -0.11692730
    0.11582603
   -0.31405187
    0.04280564
    0.08794652
   -0.21128073
    0.05683461
   -0.04269161
   -0.01615625
   -0.00346185
    0.01815993
   -0.04520872
    0.00532282
   -0.11004790
   -0.03824690
   -0.07451077
    0.02304192
   -0.10635618
   -0.11393711
    0.06749331
   -0.25728184
    0.35398990
    0.02150670
   -0.18348146
   -0.02067750
    0.24175642
    0.02259839
   -0.16722377
    0.27122741
    0.00577816
   -0.01367815
   -0.10968917
   -0.11103515
   -0.07577034
    0.24756587
    0.15282820
   -0.06475117
   -0.00058695
   -0.09734519
    0.28919506
   -0.07631020
   -0.02701031
    0.10262939
   -0.17289528
   -0.03252479
   -0.03429462
   -0.10920340
   -0.10834438
   -0.44853801
    0.00434915
   -0.06786678
   -0.46669074
   -0.05534437
   -0.45340202
   -0.07286459
    0.10656786
    0.00715836
   -0.18957392
    0.00099579
    0.08183945
   -0.32600630
   -0.44387142
   -0.01061559
   -0.06231834
   -0.06607015
   -0.39186408
   -0.02651919
    0.03018220
   -0.05322218
   -0.05096657
    0.05355388
   -0.05505698
   -0.26894783
    0.07005505
    0.03654279
    0.04215617
    0.01441426
    0.05701753
    0.03284281
    0.02807409
    0.04320262
    0.03906414
    0.03472430
    0.04729127
    0.04431836
    0.04320880
    0.05141280
    0.04532109
    0.06290469
    0.04725131
    0.04890458
    0.04277958
    0.03371952
    0.04439077
    0.03314438
    0.04642246
    0.05942331
    0.05809088
    0.03557898
    0.15169264
    0.06833117
    0.20156975
    0.07604236
    0.05283169
    0.04186789
    0.03959829
    0.04318868
    0.04143407
    0.04730227
    0.04096918
    0.05549403
    0.06948649
    0.05611004
    0.05710925
    0.03891777
    0.04036248
    0.01530828
    0.03829173
    0.02204721
    0.04093270
    0.04121537
    0.05335718
    0.04050169
    0.05303256
    0.04559629
    0.04148985
    0.05078931
    0.07910850
    0.05550828
    0.06229060
    0.08772454
    0.06313487
    0.06443493
    0.05399965
    0.04847923
    0.03855655
    0.04270792
    0.03012332
    0.04019244
    0.03793552
    0.04719352
    0.01957923
    0.08361987
    0.06595740
    0.04367627
    0.05187123
    0.07333277
    0.04767733
    0.02646618
    0.03265468
    0.05021539
