           1           2  0.99345852539661794     
           2           3  0.96410887691830338     
           3           4  0.99524734780819180     
           2           5  0.97663465658674409     
           5           6   1.4270856909263323     
           6           7   1.4431545236426118     
           5           8  0.11012534704699728     
           7           8   1.4158453935890067     
           8           9   1.4497172929145330     
           5          10   1.3555152712274066     
           7          10  0.11048608115473883     
           9          10   1.3962445222697282     
          10          11   1.0275591120050576     
          11          12   1.1510105347376021     
          12          13  0.99501130913876035     
          13          14   1.0060491181710067     
          11          15   1.5180492308007261     
          15          16   1.0207401180950590     
          16          17  0.96625179884292633     
          17          18  0.99919071179895591     
          17          19  0.99701979750501635     
          17          20  0.97024782353800421     
          20          21  0.92848689048158028     
          21          22   1.1574240013575161     
          22          23  0.93284080960482541     
          23          24  0.97070669393560149     
          24          25   1.0023180912521938     
          25          26   1.2574760942907224     
          26          27  0.93290880210993676     
          27          28  0.99215623756270843     
          28          29   1.2825891258300317     
          29          30  0.93336586690616052     
          30          31  0.97140801306319158     
          31          32   1.0087479046866605     
          31          33   1.0064010132273420     
          30          34  0.95793539949551376     
          34          35   1.2914000356342539     
          35          36  0.92619564422391831     
          36          37  0.97948230151990934     
          37          38  0.99367653008095935     
          38          39  0.99665714911677017     
          39          40   1.2153106010871557     
          40          41   1.0263314787823337     
          41          42   2.7541586289720730     
          42          43   1.0130679679806052     
          43          44  0.96499352257073812     
          44          45   1.0141869412949625     
          44          46   1.0126942168877573     
          43          47  0.97592911700538421     
          43          48  0.97322949198130515     
          39          49  0.19340157925820806     
          40          49   1.6342624830784025     
          39          50  0.99146883999360402     
          36          51  0.97081696505230286     
          50          51  0.99336707583283501     
          34          52  0.20078078028988983     
          35          52   1.6309214865173813     
          34          53  0.99265949268144538     
          28          54  0.19933366681082812     
          29          54   1.6512161335933273     
          27          55  0.96696163655901624     
          55          56  0.98186556144098835     
          56          57  0.97147581137134498     
          57          58   1.0026143563575782     
          58          59  0.99094611101045149     
          59          60  0.98762678756796207     
          56          61  0.97097738045994197     
          60          61  0.98376518602302665     
          25          62  0.20195753277513145     
          26          62   1.6491839232967513     
          25          63  0.97384320320862527     
          63          64  0.99786287774877191     
          23          65  0.99212547594029665     
          64          65   1.0078218757990192     
          21          66  0.18281422180497930     
          22          66   1.7615186375759357     
          15          67   1.2057955989060665     
          12          68   1.1670627163699137     
          67          68   1.2408154831455094     
          68          69   1.3351039107697662     
          69          70   1.4937148904919575     
          58          71  0.99496829749677529     
          70          71   1.3393084832243158     
          67          72   1.3288073628837820     
          69          72  0.11001150523852661     
          71          72   1.4684625289919142     
          36          73  0.90722702935496102     
           1          74  0.98242178248076584     
           1          75  0.98561162814249137     
           1          76  0.98315681105600894     
           2          77  0.95488229144079062     
           4          78  0.97866287554738929     
           4          79  0.97661128061990110     
           4          80  0.97612693252532745     
           7          81  0.96309390060243938     
           8          82  0.96937020963482279     
           9          83  0.96511011744911923     
          13          84  0.96794034817977859     
          13          85  0.96941604994130903     
          14          86  0.98439842546131673     
          14          87  0.98497803246911564     
          14          88  0.98497016979332463     
          16          89  0.95855872831005029     
          16          90  0.96861021895785715     
          18          91  0.98277293928166509     
          18          92  0.98491186710374556     
          18          93  0.98530361495496332     
          19          94  0.98396956168562266     
          19          95  0.98163435838836821     
          19          96  0.98379450465798801     
          20          97  0.96369520881862725     
          20          98  0.96656042780609497     
          23          99  0.95187617692034743     
          24         100  0.93619101258018544     
          27         101  0.93850386373248429     
          28         102  0.92521195871281803     
          30         103  0.95124539145248188     
          31         104  0.96359263547046825     
          32         105  0.98587739852087009     
          32         106  0.98456844406499555     
          32         107  0.98520653299988570     
          33         108  0.98610421182325636     
          33         109  0.98503425483606577     
          33         110  0.98415160304130489     
          37         111  0.97275724049724932     
          37         112  0.97040636384122680     
          38         113  0.96606390282500554     
          38         114  0.96353174590231183     
          45         115  0.98103642443953332     
          45         116  0.97971502457430537     
          45         117  0.97489062877649790     
          46         118  0.98112676476330996     
          46         119  0.97502419876778779     
          46         120  0.97998110092126212     
          47         121  0.98375172622981322     
          47         122  0.98297208328886865     
          47         123  0.98444054162100070     
          48         124  0.98223887150273914     
          48         125  0.98354201643921246     
          48         126  0.98434134885276858     
          50         127  0.96688676701338416     
          50         128  0.96316576847376401     
          51         129  0.96970734477297449     
          51         130  0.96330564728746226     
          53         131  0.96455364218118711     
          53         132  0.97170237355879374     
          53         133  0.97391699407858923     
          55         134  0.97002716768301256     
          55         135  0.96698329668447380     
          56         136  0.95814639152408365     
          57         137  0.97129360445923063     
          57         138  0.96662685897002953     
          59         139  0.97561563918723493     
          59         140  0.96779322980911064     
          60         141  0.97095430347463718     
          60         142  0.96997731328760461     
          63         143  0.96452093830124985     
          63         144  0.96707255290127347     
          64         145  0.97696766377253685     
          64         146  0.97366523820882345     
          65         147  0.97101805199570945     
          65         148  0.97479333364962850     
          69         149  0.96627274784563544     
          70         150  0.96915201603157253     
          72         151  0.95823772554457431     
