   -0.11506121
    0.11527182
   -0.31686198
    0.03835914
    0.08877087
   -0.21279788
    0.05682197
   -0.04314377
   -0.01468122
   -0.00226085
    0.02193480
   -0.02263273
    0.00024530
   -0.10908553
   -0.05214799
   -0.06525059
    0.02257460
   -0.10673631
   -0.11313166
    0.06449887
   -0.25879035
    0.35277396
    0.02666947
   -0.19479973
   -0.02349928
    0.24174781
    0.02602412
   -0.16322304
    0.27216283
    0.01003838
   -0.01477052
   -0.11120484
   -0.11267400
   -0.07266171
    0.24803539
    0.15281404
   -0.06494804
    0.00066429
   -0.09546702
    0.28995715
   -0.07726363
   -0.02421434
    0.10258598
   -0.17122712
   -0.03375224
   -0.03253329
   -0.10691008
   -0.10890293
   -0.45690024
    0.00726620
   -0.06805966
   -0.46467356
   -0.05784881
   -0.46326690
   -0.07255049
    0.11051318
    0.01009661
   -0.16573084
    0.00114295
    0.07860358
   -0.31836958
   -0.43716410
   -0.01018850
   -0.06279793
   -0.06646027
   -0.40137771
   -0.02818783
    0.03610093
   -0.04433021
   -0.05817977
    0.04765313
   -0.07424176
   -0.26999090
    0.03347369
    0.04009320
    0.06941820
    0.01926196
    0.05128652
    0.05194131
    0.01974162
    0.04027193
    0.03643411
    0.03334580
    0.05213936
    0.07033423
    0.04569055
    0.03878733
    0.04253740
    0.04426276
    0.03263981
    0.04823520
    0.04056417
    0.03727916
    0.04525174
    0.04090962
    0.03642087
    0.05890862
    0.06589950
    0.02670460
    0.18676718
    0.06356993
    0.20467032
    0.07778453
    0.04836219
    0.04390708
    0.04231449
    0.04385020
    0.04186991
    0.05034620
    0.04102002
    0.06110491
    0.06741441
    0.05683272
    0.05510941
    0.04374911
    0.01681796
    0.03927828
    0.04178821
    0.04037580
    0.01012318
    0.04365776
    0.04529578
    0.05207040
    0.04231137
    0.05429946
    0.03942294
    0.04998200
    0.07502105
    0.05840032
    0.05564445
    0.07867238
    0.06193180
    0.07654248
    0.08170780
    0.04639627
    0.02429173
    0.03539826
    0.02601672
    0.03336592
    0.04845991
    0.02380958
    0.05290657
    0.07912001
    0.06525141
    0.04268269
    0.04987639
    0.06373361
    0.05606568
    0.02865951
    0.02134345
    0.02639855
