           1           2  0.99493745683763024     
           2           3  0.96200504154014821     
           3           4  0.99404927633025708     
           2           5  0.97602044263964549     
           5           6   1.4252650846203681     
           6           7   1.4435176694281229     
           5           8  0.10984473831890509     
           7           8   1.4171853033187283     
           8           9   1.4475575516723480     
           5          10   1.3570536010248684     
           7          10  0.11158901236083059     
           9          10   1.3997698712976914     
          10          11   1.0202757700823215     
          11          12   1.1788604173292017     
          12          13  0.99147483174733197     
          13          14   1.0069545050287505     
          11          15   1.5011295461656828     
          15          16   1.0176872088447091     
          16          17  0.96783184990164073     
          17          18  0.99911932207812915     
          17          19  0.99774627922777248     
          17          20  0.97071272097195005     
          20          21  0.92781147155907195     
          21          22   1.1565358483344679     
          22          23  0.94070752926740520     
          23          24  0.98769302514331259     
          24          25   1.0052576993305526     
          25          26   1.2542581064696603     
          26          27  0.92021904569368640     
          27          28  0.97470176600732950     
          28          29   1.2973756114998776     
          29          30  0.93463572486737234     
          30          31  0.96720574619682875     
          31          32   1.0070248095547969     
          31          33   1.0067174652564010     
          30          34  0.96360502944736126     
          34          35   1.2945712687216238     
          35          36  0.92543088186652955     
          36          37  0.98334190030236879     
          37          38  0.99594579600452793     
          38          39  0.99529528303290193     
          39          40   1.2243681590035069     
          40          41   1.0284441461510365     
          41          42   2.7506973803262404     
          42          43   1.0132582613871373     
          43          44  0.96255569595035384     
          44          45   1.0133258436761381     
          44          46   1.0153964911024234     
          43          47  0.97518331322814644     
          43          48  0.97577756233702617     
          39          49  0.18995646930064752     
          40          49   1.6151896840554905     
          39          50  0.99072454304880231     
          36          51  0.97380353339319414     
          50          51  0.99234298009096245     
          34          52  0.20193845301814975     
          35          52   1.6254300994781101     
          34          53  0.99439400197744765     
          28          54  0.19850254244243962     
          29          54   1.6324367861511480     
          27          55  0.99212494435797405     
          55          56  0.98670535317654873     
          56          57  0.98251795723171864     
          57          58   1.0026037815203357     
          58          59  0.98517357253816673     
          59          60  0.99453817598521632     
          56          61  0.97531278174597380     
          60          61  0.98453067842923647     
          25          62  0.20311744380161645     
          26          62   1.6659095495370253     
          25          63  0.97317294152042788     
          63          64  0.99636912879297346     
          23          65  0.99102109686216133     
          64          65   1.0083942349597279     
          21          66  0.17941234808608350     
          22          66   1.7519674457062415     
          15          67   1.2137429572971687     
          12          68   1.1696341073578025     
          67          68   1.2434055172524705     
          68          69   1.3259703200481212     
          69          70   1.5104422265449526     
          58          71   1.0524417280716798     
          70          71   1.3085411112418339     
          67          72   1.3163808612885401     
          69          72  0.10346032785906774     
          71          72   1.4396969602522627     
          36          73  0.90222014911694637     
           1          74  0.98428546009982809     
           1          75  0.98347383555278067     
           1          76  0.98236450360718863     
           2          77  0.95196782122173185     
           4          78  0.96563255640447399     
           4          79  0.97899891290064478     
           4          80  0.97755063700233236     
           7          81  0.96330726913003251     
           8          82  0.96945388384264208     
           9          83  0.96589832102135187     
          13          84  0.96960795300794156     
          13          85  0.96297371381539365     
          14          86  0.98579327137754580     
          14          87  0.98564537687904896     
          14          88  0.98547879208022882     
          16          89  0.96859316585145072     
          16          90  0.96807473618538098     
          18          91  0.98308408023544835     
          18          92  0.98487858340331835     
          18          93  0.98528754299871957     
          19          94  0.98399833711838403     
          19          95  0.98420856310312643     
          19          96  0.98196210894178904     
          20          97  0.96584524444242592     
          20          98  0.96144153946521116     
          23          99  0.93552452827046451     
          24         100  0.91063966052237666     
          27         101  0.94423417378839125     
          28         102  0.92425817475120908     
          30         103  0.94900377296514604     
          31         104  0.96425085359623919     
          32         105  0.98556356885033658     
          32         106  0.98303522999639736     
          32         107  0.98512470747887548     
          33         108  0.98551856593798681     
          33         109  0.98427934944414963     
          33         110  0.98421656590363316     
          37         111  0.97189467377876693     
          37         112  0.96822079819781881     
          38         113  0.96451988319858528     
          38         114  0.96416381267864548     
          45         115  0.97971865464284980     
          45         116  0.97518468269206959     
          45         117  0.98097804161345514     
          46         118  0.97939157861003723     
          46         119  0.98074666307197467     
          46         120  0.97449885564107563     
          47         121  0.98367110928240198     
          47         122  0.98343064416151460     
          47         123  0.98248526792389101     
          48         124  0.98416597705031483     
          48         125  0.98275140704463149     
          48         126  0.98358384154750111     
          50         127  0.96680298820919952     
          50         128  0.95827571014722446     
          51         129  0.96474675668437726     
          51         130  0.96786933681192178     
          53         131  0.96607687892684369     
          53         132  0.97078872730740096     
          53         133  0.97168489752976628     
          55         134  0.96685979199662797     
          55         135  0.97440141631433730     
          56         136  0.95684265585235506     
          57         137  0.96977500493430757     
          57         138  0.95692775202307767     
          59         139  0.97134732845492278     
          59         140  0.95262836652785321     
          60         141  0.96606277702989873     
          60         142  0.97003463744448493     
          63         143  0.96605548166625388     
          63         144  0.96954983631914482     
          64         145  0.97720225856457055     
          64         146  0.97429230403095146     
          65         147  0.97410701587455928     
          65         148  0.97343808410522836     
          69         149  0.96642741136935761     
          70         150  0.96790064306106627     
          72         151  0.95981702820228099     
