   -0.11604250
    0.11512479
   -0.31574071
    0.04459112
    0.08672622
   -0.21462841
    0.05620950
   -0.04189342
   -0.01313896
    0.00034534
    0.02711978
   -0.03103528
    0.00114869
   -0.11242061
   -0.04716899
   -0.06749045
    0.02286301
   -0.12013144
   -0.10659807
    0.06564215
   -0.25558814
    0.35343466
    0.02631911
   -0.19758754
   -0.02239476
    0.24016459
    0.02558621
   -0.16279449
    0.27382323
    0.01222726
   -0.01524351
   -0.11184960
   -0.11304641
   -0.07345858
    0.25015431
    0.15250607
   -0.06408425
    0.00139350
   -0.09651528
    0.29074186
   -0.07707172
   -0.02493204
    0.10270670
   -0.17192132
   -0.03176354
   -0.03326213
   -0.10692666
   -0.10767229
   -0.45305359
    0.00679230
   -0.07099912
   -0.46350548
   -0.05631703
   -0.46352792
   -0.07320288
    0.11051580
    0.00874960
   -0.16504071
   -0.00115981
    0.07880171
   -0.31864302
   -0.43973668
   -0.01004642
   -0.06231770
   -0.06616820
   -0.40086155
   -0.02777986
    0.03329432
   -0.05021157
   -0.05804474
    0.04933017
   -0.07210797
   -0.27082815
    0.03975938
    0.03699919
    0.07044319
    0.01726144
    0.03149448
    0.02211672
    0.05893524
    0.04020531
    0.03686822
    0.04039825
    0.04478521
    0.07029679
    0.04188506
    0.04791826
    0.04216091
    0.04655967
    0.03353555
    0.05823184
    0.04378525
    0.03485551
    0.03512752
    0.04321960
    0.04451221
    0.06199914
    0.06134202
    0.02369873
    0.18792239
    0.06417293
    0.20226885
    0.07509540
    0.04798813
    0.04352141
    0.04394797
    0.04388433
    0.04123416
    0.04134936
    0.05108063
    0.06017399
    0.06633163
    0.05632642
    0.05372040
    0.04021157
    0.00849800
    0.04189685
    0.03907269
    0.04368733
    0.01558025
    0.04369232
    0.05124135
    0.04507888
    0.05385029
    0.03894203
    0.04280725
    0.04995415
    0.07565045
    0.06232807
    0.05644982
    0.07693555
    0.07387337
    0.06330502
    0.08233265
    0.04825191
    0.02337933
    0.03505518
    0.03133425
    0.03316003
    0.05341929
    0.02353628
    0.05048548
    0.07910634
    0.06491889
    0.04178981
    0.04943829
    0.06622849
    0.05244591
    0.02591150
    0.01982986
    0.02855002
