           1           2  0.99527016474606289     
           2           3  0.95943726140292207     
           3           4  0.99771991668460669     
           2           5  0.97523704116443999     
           5           6   1.4271806747483020     
           6           7   1.4406682767838692     
           5           8  0.10982234244312761     
           7           8   1.4181307824759626     
           8           9   1.4490941918277012     
           5          10   1.3558524515495378     
           7          10  0.10991149540482303     
           9          10   1.3968726634071382     
          10          11   1.0272807432737374     
          11          12   1.1657070544655121     
          12          13  0.99024891986149699     
          13          14   1.0088686362957600     
          11          15   1.5106894463740459     
          15          16   1.0175079517751850     
          16          17  0.96790905431050789     
          17          18  0.99890575010988236     
          17          19  0.99843011923345726     
          17          20  0.96939409042179303     
          20          21  0.92725881651537312     
          21          22   1.1623125021419431     
          22          23  0.93658831755048666     
          23          24  0.98369716479491698     
          24          25   1.0058387792065169     
          25          26   1.2581777122718709     
          26          27  0.91959971664905971     
          27          28  0.97471814631625042     
          28          29   1.2977840150278086     
          29          30  0.93487090291990105     
          30          31  0.96757877845365692     
          31          32   1.0066960186739382     
          31          33   1.0068579547207495     
          30          34  0.96469350029907475     
          34          35   1.2906732146708340     
          35          36  0.92544292372590331     
          36          37  0.98305838735795048     
          37          38  0.99567957649499284     
          38          39  0.99608638402008631     
          39          40   1.2187978185130472     
          40          41   1.0259999201827030     
          41          42   2.7539517820538379     
          42          43   1.0130919724821670     
          43          44  0.96233757065177095     
          44          45   1.0159087480318494     
          44          46   1.0135670791107487     
          43          47  0.97651089546562453     
          43          48  0.97467885108182184     
          39          49  0.19149580797321150     
          40          49   1.6282752778899057     
          39          50  0.99114195594725418     
          36          51  0.97490844240226859     
          50          51  0.99210618952517537     
          34          52  0.20113318040028041     
          35          52   1.6310382587772019     
          34          53  0.99453465747108583     
          28          54  0.19756571723929717     
          29          54   1.6301094009878252     
          27          55  0.99147289518840442     
          55          56  0.98642075413486352     
          56          57  0.98351671935785134     
          57          58   1.0015919757911500     
          58          59  0.98373382087077266     
          59          60  0.99449452681220185     
          56          61  0.97445113508431924     
          60          61  0.98526576520545195     
          25          62  0.20383831810089870     
          26          62   1.6606260423826826     
          25          63  0.97293623246837790     
          63          64  0.99649127073631660     
          23          65  0.99245974517514912     
          64          65   1.0084326963764991     
          21          66  0.18230375888787120     
          22          66   1.7525645085522430     
          15          67   1.2081252180059689     
          12          68   1.1676572229025841     
          67          68   1.2425678719166564     
          68          69   1.3286696891535548     
          69          70   1.5054537683646574     
          58          71   1.0537853275676246     
          70          71   1.3117878417271520     
          67          72   1.3223327997757457     
          69          72  0.10347902091500658     
          71          72   1.4373929375648054     
          36          73  0.90114551250966513     
           1          74  0.98405555734717787     
           1          75  0.98377588122737059     
           1          76  0.98205849501595344     
           2          77  0.95216734411241744     
           4          78  0.97638061369469631     
           4          79  0.97561950728974167     
           4          80  0.97824340942680266     
           7          81  0.96336182371135703     
           8          82  0.96944425184579908     
           9          83  0.96644557963816102     
          13          84  0.96987625937447264     
          13          85  0.95983137642815597     
          14          86  0.98524232767601116     
          14          87  0.98232739829064686     
          14          88  0.98152125828077841     
          16          89  0.96581004506423773     
          16          90  0.96780685231273045     
          18          91  0.97323276100951173     
          18          92  0.98382157679420601     
          18          93  0.98441282812666597     
          19          94  0.98561497142684940     
          19          95  0.98381411439588029     
          19          96  0.98325458335419724     
          20          97  0.96586645570679941     
          20          98  0.96315088307886598     
          23          99  0.94193173248165540     
          24         100  0.90629997143782981     
          27         101  0.94530663860845654     
          28         102  0.92553062213345660     
          30         103  0.94946945909244895     
          31         104  0.96395420673366805     
          32         105  0.98268264100014169     
          32         106  0.98522988853216731     
          32         107  0.98551606166975203     
          33         108  0.98433606306597976     
          33         109  0.98523856610412019     
          33         110  0.98402540953500417     
          37         111  0.97214121093008521     
          37         112  0.96905463774570566     
          38         113  0.96469100031208066     
          38         114  0.96377502544929627     
          45         115  0.98069520827991374     
          45         116  0.97387032541925533     
          45         117  0.97929173503347866     
          46         118  0.98105543931392591     
          46         119  0.97977592450281148     
          46         120  0.97511751255029933     
          47         121  0.98380494846944888     
          47         122  0.98274344832597804     
          47         123  0.98282628335369715     
          48         124  0.98257469211726378     
          48         125  0.98348080775976032     
          48         126  0.98298365280956790     
          50         127  0.96706599653331005     
          50         128  0.96268456249815004     
          51         129  0.96331687949449019     
          51         130  0.96661639708955571     
          53         131  0.97125224341206473     
          53         132  0.96761542071043249     
          53         133  0.97107260775176896     
          55         134  0.96651830609117573     
          55         135  0.97446564266190772     
          56         136  0.95706999618360389     
          57         137  0.96927250139819443     
          57         138  0.95627967296572769     
          59         139  0.97142507747869533     
          59         140  0.95502978458408394     
          60         141  0.96592281110283462     
          60         142  0.97022331522993244     
          63         143  0.96592166278537706     
          63         144  0.96938139585105665     
          64         145  0.97725652060536194     
          64         146  0.97422348189700003     
          65         147  0.97342388683525694     
          65         148  0.97406358522651681     
          69         149  0.96363825548060933     
          70         150  0.96755969312968526     
          72         151  0.95905313109495283     
